,item_material,flat_index,item_id,x,y,x_length,y_length
0,YW10-0218S,0,356,0.0,0.0,2418.0,58.0
1,YW10-0218S,0,116,0.0,58.0,1480.0,517.0
2,YW10-0218S,0,274,0.0,575.0,877.0,343.0
3,YW10-0218S,0,164,0.0,918.0,2118.0,58.0
4,YW10-0218S,0,739,0.0,976.0,801.0,58.0
5,YW10-0218S,0,180,801.0,976.0,1417.0,58.0
6,YW10-0218S,0,235,0.0,1034.0,2418.0,58.0
7,YW10-0218S,0,366,0.0,1092.0,1498.0,128.0
8,YW10-0218S,1,542,0.0,0.0,2418.0,58.0
9,YW10-0218S,1,452,0.0,58.0,2328.5,153.5
10,YW10-0218S,1,742,0.0,211.5,840.0,338.5
11,YW10-0218S,1,214,0.0,550.0,568.0,246.0
12,YW10-0218S,1,352,568.0,550.0,568.0,246.0
13,YW10-0218S,1,265,0.0,796.0,1473.0,370.0
14,YW10-0218S,1,430,0.0,1166.0,798.0,38.0
15,YW10-0218S,1,289,798.0,1166.0,898.0,38.0
16,YW10-0218S,2,723,0.0,0.0,2416.0,38.0
17,YW10-0218S,3,765,0.0,0.0,2398.0,393.0
18,YW10-0218S,3,692,0.0,393.0,1198.0,370.0
19,YW10-0218S,3,593,1198.0,393.0,1198.0,370.0
20,YW10-0218S,3,572,0.0,763.0,438.0,238.0
21,YW10-0218S,3,379,438.0,763.0,438.0,238.0
22,YW10-0218S,3,248,0.0,1001.0,655.0,132.5
23,YW10-0218S,3,693,655.0,1001.0,713.0,132.5
24,YW10-0218S,3,575,0.0,1133.5,1878.0,58.0
25,YW10-0218S,4,25,0.0,0.0,2398.0,299.0
26,YW10-0218S,4,483,0.0,299.0,2114.0,441.5
27,YW10-0218S,4,350,0.0,740.5,2062.0,58.0
28,YW10-0218S,4,697,0.0,798.5,1934.0,418.0
29,YW10-0218S,5,113,0.0,0.0,2398.0,328.0
30,YW10-0218S,5,185,0.0,328.0,580.0,448.0
31,YW10-0218S,5,628,580.0,328.0,1658.0,448.0
32,YW10-0218S,5,675,0.0,776.0,1620.0,377.0
33,YW10-0218S,5,731,1620.0,776.0,720.0,377.0
34,YW10-0218S,5,751,0.0,1153.0,382.0,58.0
35,YW10-0218S,5,338,382.0,1153.0,1998.0,58.0
36,YW10-0218S,6,170,0.0,0.0,2393.0,38.0
37,YW10-0218S,6,595,0.0,38.0,658.0,444.0
38,YW10-0218S,6,750,658.0,38.0,548.0,444.0
39,YW10-0218S,6,762,0.0,482.0,704.0,329.0
40,YW10-0218S,6,565,704.0,482.0,704.0,329.0
41,YW10-0218S,6,527,1408.0,482.0,544.0,329.0
42,YW10-0218S,6,96,0.0,811.0,1162.0,327.0
43,YW10-0218S,6,148,1162.0,811.0,777.0,327.0
44,YW10-0218S,6,156,1939.0,811.0,361.0,327.0
45,YW10-0218S,6,323,0.0,1138.0,628.0,78.0
46,YW10-0218S,6,409,628.0,1138.0,1598.0,78.0
47,YW10-0218S,7,73,0.0,0.0,2388.0,98.0
48,YW10-0218S,7,508,0.0,98.0,2291.0,438.5
49,YW10-0218S,7,114,0.0,536.5,1797.0,347.0
50,YW10-0218S,7,630,0.0,883.5,1968.0,55.0
51,YW10-0218S,7,178,0.0,938.5,2028.0,58.0
52,YW10-0218S,7,76,0.0,996.5,898.0,153.0
53,YW10-0218S,7,141,0.0,1149.5,724.0,58.0
54,YW10-0218S,7,648,724.0,1149.5,1012.0,58.0
55,YW10-0218S,8,115,0.0,0.0,2388.0,558.0
56,YW10-0218S,8,128,0.0,558.0,942.0,58.0
57,YW10-0218S,8,440,942.0,558.0,1437.0,58.0
58,YW10-0218S,8,172,0.0,616.0,2284.0,395.0
59,YW10-0218S,8,633,0.0,1011.0,388.0,158.0
60,YW10-0218S,8,40,388.0,1011.0,488.0,158.0
61,YW10-0218S,8,378,876.0,1011.0,488.0,158.0
62,YW10-0218S,8,481,1364.0,1011.0,488.0,158.0
63,YW10-0218S,8,558,1852.0,1011.0,488.0,158.0
64,YW10-0218S,8,257,0.0,1169.0,638.0,38.0
65,YW10-0218S,8,12,638.0,1169.0,925.0,38.0
66,YW10-0218S,8,524,1563.0,1169.0,813.0,38.0
67,YW10-0218S,9,304,0.0,0.0,2368.0,328.0
68,YW10-0218S,9,6,0.0,328.0,769.0,358.0
69,YW10-0218S,9,191,769.0,328.0,769.0,358.0
70,YW10-0218S,9,102,0.0,686.0,1998.0,530.0
71,YW10-0218S,10,61,0.0,0.0,2367.0,218.0
72,YW10-0218S,10,27,0.0,218.0,2182.0,579.0
73,YW10-0218S,10,418,0.0,797.0,1934.0,421.0
74,YW10-0218S,10,501,1934.0,797.0,58.0,421.0
75,YW10-0218S,11,48,0.0,0.0,2353.0,38.0
76,YW10-0218S,11,537,0.0,38.0,2098.0,58.0
77,YW10-0218S,11,497,0.0,96.0,2108.0,58.0
78,YW10-0218S,11,671,0.0,154.0,2217.0,58.0
79,YW10-0218S,11,758,0.0,212.0,2334.5,311.0
80,YW10-0218S,11,326,0.0,523.0,1273.0,248.0
81,YW10-0218S,11,50,0.0,771.0,2048.0,118.0
82,YW10-0218S,11,713,0.0,889.0,2198.0,58.0
83,YW10-0218S,11,764,0.0,947.0,860.0,58.0
84,YW10-0218S,11,124,860.0,947.0,938.0,58.0
85,YW10-0218S,11,131,0.0,1005.0,860.0,58.0
86,YW10-0218S,11,299,860.0,1005.0,898.0,58.0
87,YW10-0218S,11,453,0.0,1063.0,2224.0,58.0
88,YW10-0218S,11,588,0.0,1121.0,2353.0,58.0
89,YW10-0218S,12,212,0.0,0.0,2353.0,328.0
90,YW10-0218S,12,645,0.0,328.0,1120.5,882.0
91,YW10-0218S,12,56,1120.5,328.0,447.0,882.0
92,YW10-0218S,12,689,1567.5,328.0,447.0,882.0
93,YW10-0218S,12,243,2014.5,328.0,58.0,882.0
94,YW10-0218S,12,673,2072.5,328.0,58.0,882.0
95,YW10-0218S,13,9,0.0,0.0,2348.0,558.0
96,YW10-0218S,13,545,0.0,558.0,2196.0,58.0
97,YW10-0218S,13,57,0.0,616.0,2114.0,441.5
98,YW10-0218S,13,668,0.0,1057.5,604.0,160.0
99,YW10-0218S,14,8,0.0,0.0,2348.0,630.0
100,YW10-0218S,14,161,0.0,630.0,1165.0,491.0
101,YW10-0218S,14,377,0.0,1121.0,1998.0,98.0
102,YW10-0218S,15,479,0.0,0.0,2338.0,588.0
103,YW10-0218S,15,393,0.0,588.0,1517.0,559.0
104,YW10-0218S,15,422,0.0,1147.0,666.0,58.0
105,YW10-0218S,15,578,666.0,1147.0,1460.0,58.0
106,YW10-0218S,16,752,0.0,0.0,2308.0,347.0
107,YW10-0218S,16,297,0.0,347.0,962.0,277.0
108,YW10-0218S,16,234,962.0,347.0,312.0,277.0
109,YW10-0218S,16,325,0.0,624.0,2014.0,383.8
110,YW10-0218S,16,41,0.0,1007.8,2198.0,198.0
111,YW10-0218S,17,574,0.0,0.0,2301.0,707.0
112,YW10-0218S,17,659,0.0,707.0,560.0,395.0
113,YW10-0218S,17,316,560.0,707.0,815.0,395.0
114,YW10-0218S,17,70,1375.0,707.0,560.0,395.0
115,YW10-0218S,17,457,1935.0,707.0,306.0,395.0
116,YW10-0218S,17,288,0.0,1102.0,288.0,118.0
117,YW10-0218S,17,683,288.0,1102.0,978.0,118.0
118,YW10-0218S,17,251,1266.0,1102.0,488.0,118.0
119,YW10-0218S,17,485,1754.0,1102.0,488.0,118.0
120,YW10-0218S,18,252,0.0,0.0,2301.0,632.0
121,YW10-0218S,18,521,0.0,632.0,397.0,224.0
122,YW10-0218S,18,567,397.0,632.0,378.0,224.0
123,YW10-0218S,18,589,775.0,632.0,378.0,224.0
124,YW10-0218S,18,337,0.0,856.0,439.0,364.0
125,YW10-0218S,18,607,439.0,856.0,339.0,364.0
126,YW10-0218S,18,716,778.0,856.0,339.0,364.0
127,YW10-0218S,19,730,0.0,0.0,2298.0,330.0
128,YW10-0218S,19,344,0.0,330.0,2081.0,579.0
129,YW10-0218S,19,467,0.0,909.0,997.0,310.0
130,YW10-0218S,19,308,997.0,909.0,998.0,310.0
131,YW10-0218S,20,640,0.0,0.0,2294.0,38.0
132,YW10-0218S,20,44,0.0,38.0,593.0,225.0
133,YW10-0218S,20,263,0.0,263.0,1247.0,722.0
134,YW10-0218S,20,85,0.0,985.0,443.0,226.5
135,YW10-0218S,21,361,0.0,0.0,2292.0,58.0
136,YW10-0218S,21,129,0.0,58.0,1458.0,369.0
137,YW10-0218S,21,28,1458.0,58.0,709.0,369.0
138,YW10-0218S,21,290,0.0,427.0,711.0,327.5
139,YW10-0218S,21,376,0.0,754.5,991.0,462.0
140,YW10-0218S,21,247,991.0,754.5,379.0,462.0
141,YW10-0218S,21,711,1370.0,754.5,379.0,462.0
142,YW10-0218S,22,570,0.0,0.0,2291.0,438.5
143,YW10-0218S,22,727,0.0,438.5,1931.0,771.0
144,YW10-0218S,22,718,1931.0,438.5,88.0,771.0
145,YW10-0218S,22,343,2019.0,438.5,58.0,771.0
146,YW10-0218S,23,471,0.0,0.0,2284.0,395.0
147,YW10-0218S,23,319,0.0,395.0,1541.0,327.0
148,YW10-0218S,23,60,1541.0,395.0,712.0,327.0
149,YW10-0218S,23,82,0.0,722.0,1024.0,495.0
150,YW10-0218S,23,411,1024.0,722.0,1194.0,495.0
151,YW10-0218S,24,77,0.0,0.0,2273.0,576.0
152,YW10-0218S,24,679,0.0,576.0,831.0,508.5
153,YW10-0218S,24,610,831.0,576.0,831.0,508.5
154,YW10-0218S,24,434,0.0,1084.5,353.0,132.5
155,YW10-0218S,24,358,353.0,1084.5,797.0,132.5
156,YW10-0218S,24,39,1150.0,1084.5,713.0,132.5
157,YW10-0218S,25,741,0.0,0.0,2251.0,956.0
158,YW10-0218S,25,285,0.0,956.0,488.0,198.0
159,YW10-0218S,25,743,488.0,956.0,536.0,198.0
160,YW10-0218S,25,405,1024.0,956.0,488.0,198.0
161,YW10-0218S,25,54,1512.0,956.0,338.0,198.0
162,YW10-0218S,25,153,0.0,1154.0,399.0,58.0
163,YW10-0218S,25,200,399.0,1154.0,1818.0,58.0
164,YW10-0218S,26,269,0.0,0.0,2251.0,912.0
165,YW10-0218S,26,626,0.0,912.0,719.0,308.0
166,YW10-0218S,26,303,719.0,912.0,765.0,308.0
167,YW10-0218S,26,219,1484.0,912.0,760.0,308.0
168,YW10-0218S,27,427,0.0,0.0,2251.0,762.0
169,YW10-0218S,27,293,0.0,762.0,2058.0,458.0
170,YW10-0218S,28,544,0.0,0.0,2251.0,812.0
171,YW10-0218S,28,229,0.0,812.0,971.0,297.0
172,YW10-0218S,28,618,971.0,812.0,762.0,297.0
173,YW10-0218S,28,413,0.0,1109.0,438.0,98.0
174,YW10-0218S,28,767,438.0,1109.0,984.0,98.0
175,YW10-0218S,28,554,1422.0,1109.0,758.0,98.0
176,YW10-0218S,29,287,0.0,0.0,2201.0,484.0
177,YW10-0218S,29,749,0.0,484.0,2134.0,462.0
178,YW10-0218S,29,726,0.0,946.0,1678.0,58.0
179,YW10-0218S,29,71,0.0,1004.0,1462.0,138.0
180,YW10-0218S,29,230,0.0,1142.0,812.0,58.0
181,YW10-0218S,29,144,812.0,1142.0,942.0,58.0
182,YW10-0218S,30,315,0.0,0.0,2198.0,578.0
183,YW10-0218S,30,656,0.0,578.0,2196.0,579.0
184,YW10-0218S,30,364,0.0,1157.0,660.0,58.0
185,YW10-0218S,30,747,660.0,1157.0,1462.0,58.0
186,YW10-0218S,31,615,0.0,0.0,2198.0,580.0
187,YW10-0218S,31,382,0.0,580.0,821.0,599.5
188,YW10-0218S,31,309,0.0,1179.5,314.0,38.0
189,YW10-0218S,31,147,314.0,1179.5,1798.0,38.0
190,YW10-0218S,32,362,0.0,0.0,2196.0,58.0
191,YW10-0218S,32,78,0.0,58.0,762.0,237.0
192,YW10-0218S,32,443,0.0,295.0,1028.0,380.0
193,YW10-0218S,32,332,0.0,675.0,1797.0,328.0
194,YW10-0218S,32,534,0.0,1003.0,438.0,118.0
195,YW10-0218S,32,487,438.0,1003.0,488.0,118.0
196,YW10-0218S,32,514,926.0,1003.0,488.0,118.0
197,YW10-0218S,32,532,1414.0,1003.0,488.0,118.0
198,YW10-0218S,32,373,0.0,1121.0,841.0,88.0
199,YW10-0218S,33,604,0.0,0.0,2196.0,579.0
200,YW10-0218S,33,696,0.0,579.0,880.0,348.0
201,YW10-0218S,33,199,880.0,579.0,1128.0,348.0
202,YW10-0218S,33,333,0.0,927.0,2098.0,290.0
203,YW10-0218S,34,318,0.0,0.0,2182.0,577.5
204,YW10-0218S,34,421,0.0,577.5,841.0,555.0
205,YW10-0218S,34,74,841.0,577.5,840.0,555.0
206,YW10-0218S,34,662,0.0,1132.5,841.0,83.0
207,YW10-0218S,34,336,841.0,1132.5,841.0,83.0
208,YW10-0218S,35,13,0.0,0.0,2161.0,58.0
209,YW10-0218S,35,412,0.0,58.0,1618.0,299.0
210,YW10-0218S,35,117,0.0,357.0,1235.5,282.0
211,YW10-0218S,35,425,0.0,639.0,1970.0,58.0
212,YW10-0218S,35,502,0.0,697.0,489.0,272.5
213,YW10-0218S,35,539,0.0,969.5,958.0,250.0
214,YW10-0218S,36,259,0.0,0.0,2161.0,298.0
215,YW10-0218S,36,314,0.0,298.0,2101.0,904.0
216,YW10-0218S,37,2,0.0,0.0,2147.0,517.0
217,YW10-0218S,37,581,0.0,517.0,2103.0,58.0
218,YW10-0218S,37,771,0.0,575.0,794.0,248.0
219,YW10-0218S,37,231,794.0,575.0,1273.0,248.0
220,YW10-0218S,37,753,0.0,823.0,942.0,58.0
221,YW10-0218S,37,759,942.0,823.0,1165.0,58.0
222,YW10-0218S,37,705,0.0,881.0,354.0,339.0
223,YW10-0218S,37,709,354.0,881.0,404.0,339.0
224,YW10-0218S,38,264,0.0,0.0,2109.0,372.5
225,YW10-0218S,38,599,0.0,372.5,1932.0,386.5
226,YW10-0218S,38,636,0.0,759.0,1326.0,459.5
227,YW10-0218S,39,99,0.0,0.0,2101.0,329.0
228,YW10-0218S,39,127,0.0,329.0,2001.0,579.0
229,YW10-0218S,39,302,0.0,908.0,758.0,308.0
230,YW10-0218S,40,375,0.0,0.0,2098.0,558.0
231,YW10-0218S,40,526,0.0,558.0,2098.0,558.0
232,YW10-0218S,40,19,0.0,1116.0,2078.0,98.0
233,YW10-0218S,41,681,0.0,0.0,2098.0,580.0
234,YW10-0218S,41,408,0.0,580.0,684.0,370.5
235,YW10-0218S,41,33,0.0,950.5,470.0,264.0
236,YW10-0218S,42,139,0.0,0.0,2098.0,558.0
237,YW10-0218S,42,470,0.0,558.0,777.0,58.0
238,YW10-0218S,42,523,777.0,558.0,1218.0,58.0
239,YW10-0218S,42,133,0.0,616.0,2065.0,377.0
240,YW10-0218S,42,482,0.0,993.0,779.0,168.0
241,YW10-0218S,42,201,0.0,1161.0,590.0,58.0
242,YW10-0218S,42,98,590.0,1161.0,1462.0,58.0
243,YW10-0218S,43,209,0.0,0.0,2098.0,503.0
244,YW10-0218S,43,320,0.0,503.0,464.0,378.8
245,YW10-0218S,43,665,464.0,503.0,464.0,378.8
246,YW10-0218S,43,66,0.0,881.8,1755.0,337.0
247,YW10-0218S,44,493,0.0,0.0,2098.0,580.0
248,YW10-0218S,44,712,0.0,580.0,2098.0,580.0
249,YW10-0218S,44,643,0.0,1160.0,522.0,58.0
250,YW10-0218S,44,182,522.0,1160.0,1498.0,58.0
251,YW10-0218S,45,573,0.0,0.0,2081.0,419.0
252,YW10-0218S,45,638,0.0,419.0,1998.0,330.0
253,YW10-0218S,45,37,0.0,749.0,1964.0,395.0
254,YW10-0218S,45,75,0.0,1144.0,673.0,58.0
255,YW10-0218S,45,685,673.0,1144.0,1362.0,58.0
256,YW10-0218S,46,511,0.0,0.0,2063.5,430.0
257,YW10-0218S,46,305,0.0,430.0,867.0,761.0
258,YW10-0218S,46,89,867.0,430.0,555.0,761.0
259,YW10-0218S,46,335,1422.0,430.0,308.0,761.0
260,YW10-0218S,47,745,0.0,0.0,2034.0,486.5
261,YW10-0218S,47,255,0.0,486.5,2020.0,437.0
262,YW10-0218S,47,553,0.0,923.5,1366.0,295.0
263,YW10-0218S,47,410,2034.0,0.0,400.0,259.0
264,YW10-0218S,47,142,2034.0,259.0,395.0,394.0
265,YW10-0218S,47,586,2034.0,653.0,374.0,347.0
266,YW10-0218S,47,654,2034.0,1000.0,288.0,158.0
267,YW10-0218S,48,383,0.0,0.0,2034.0,384.0
268,YW10-0218S,48,535,0.0,384.0,2001.0,801.0
269,YW10-0218S,48,183,2034.0,0.0,378.0,260.0
270,YW10-0218S,48,53,2034.0,260.0,270.0,258.0
271,YW10-0218S,48,181,2034.0,518.0,327.0,248.0
272,YW10-0218S,48,642,2034.0,766.0,338.0,158.0
273,YW10-0218S,48,477,2034.0,924.0,338.0,158.0
274,YW10-0218S,48,324,2034.0,1082.0,347.0,128.0
275,YW10-0218S,49,704,0.0,0.0,2034.0,384.0
276,YW10-0218S,49,460,0.0,384.0,1901.0,821.0
277,YW10-0218S,49,213,1901.0,384.0,58.0,821.0
278,YW10-0218S,49,695,1959.0,384.0,58.0,821.0
279,YW10-0218S,50,513,0.0,0.0,2014.0,340.8
280,YW10-0218S,50,195,0.0,340.8,783.0,577.0
281,YW10-0218S,50,491,783.0,340.8,984.0,577.0
282,YW10-0218S,50,473,1767.0,340.8,58.0,577.0
283,YW10-0218S,50,174,1825.0,340.8,38.0,577.0
284,YW10-0218S,50,92,0.0,917.8,668.0,299.0
285,YW10-0218S,50,398,668.0,917.8,1001.0,299.0
286,YW10-0218S,50,145,2014.0,0.0,416.0,241.0
287,YW10-0218S,50,238,2014.0,241.0,388.0,238.0
288,YW10-0218S,50,123,2014.0,479.0,388.0,158.0
289,YW10-0218S,50,58,2014.0,637.0,338.0,118.0
290,YW10-0218S,50,126,2014.0,755.0,388.0,118.0
291,YW10-0218S,51,0,0.0,0.0,2001.0,58.0
292,YW10-0218S,51,531,0.0,58.0,1013.0,984.0
293,YW10-0218S,51,724,0.0,1042.0,363.0,172.5
294,YW10-0218S,51,21,363.0,1042.0,753.0,172.5
295,YW10-0218S,51,31,1116.0,1042.0,503.0,172.5
296,YW10-0218S,51,380,1619.0,1042.0,363.0,172.5
297,YW10-0218S,51,136,2001.0,0.0,439.0,245.0
298,YW10-0218S,51,407,2001.0,245.0,415.0,412.5
299,YW10-0218S,51,441,2001.0,657.5,425.0,395.0
300,YW10-0218S,51,652,2001.0,1052.5,382.0,160.5
301,YW10-0218S,52,546,0.0,0.0,2001.0,711.0
302,YW10-0218S,52,348,0.0,711.0,973.0,328.0
303,YW10-0218S,52,65,973.0,711.0,880.0,328.0
304,YW10-0218S,52,530,0.0,1039.0,981.0,174.0
305,YW10-0218S,53,431,0.0,0.0,2001.0,871.0
306,YW10-0218S,53,755,0.0,871.0,373.5,348.0
307,YW10-0218S,53,59,373.5,871.0,1128.0,348.0
308,YW10-0218S,53,365,1501.5,871.0,373.5,348.0
309,YW10-0218S,54,360,0.0,0.0,1998.0,580.0
310,YW10-0218S,54,419,0.0,580.0,783.0,578.0
311,YW10-0218S,54,733,783.0,580.0,398.0,578.0
312,YW10-0218S,54,454,0.0,1158.0,362.0,58.0
313,YW10-0218S,54,119,362.0,1158.0,1625.0,58.0
314,YW10-0218S,55,101,0.0,0.0,1998.0,530.0
315,YW10-0218S,55,694,0.0,530.0,1998.0,580.0
316,YW10-0218S,55,151,0.0,1110.0,1884.0,98.0
317,YW10-0218S,56,4,0.0,0.0,1998.0,558.0
318,YW10-0218S,56,24,0.0,558.0,735.0,558.0
319,YW10-0218S,56,397,735.0,558.0,980.0,558.0
320,YW10-0218S,56,327,0.0,1116.0,743.0,98.0
321,YW10-0218S,57,69,0.0,0.0,1981.0,1063.0
322,YW10-0218S,57,600,0.0,1063.0,538.0,153.5
323,YW10-0218S,57,260,1981.0,0.0,458.0,397.5
324,YW10-0218S,57,577,1981.0,397.5,401.5,377.0
325,YW10-0218S,57,635,1981.0,774.5,338.0,118.0
326,YW10-0218S,57,710,1981.0,892.5,361.0,327.0
327,YW10-0218S,58,168,0.0,0.0,1962.0,734.0
328,YW10-0218S,58,403,0.0,734.0,771.0,480.0
329,YW10-0218S,58,46,771.0,734.0,771.0,480.0
330,YW10-0218S,58,392,1962.0,0.0,474.5,441.5
331,YW10-0218S,58,306,1962.0,441.5,368.0,298.0
332,YW10-0218S,58,26,1962.0,739.5,458.0,418.0
333,YW10-0218S,58,478,1962.0,1157.5,362.0,58.0
334,YW10-0218S,59,557,0.0,0.0,1934.0,420.5
335,YW10-0218S,59,271,0.0,420.5,933.0,469.0
336,YW10-0218S,59,29,0.0,889.5,907.5,261.5
337,YW10-0218S,59,463,907.5,889.5,907.5,261.5
338,YW10-0218S,59,769,0.0,1151.0,660.0,58.0
339,YW10-0218S,59,177,660.0,1151.0,1012.0,58.0
340,YW10-0218S,59,220,1934.0,0.0,489.0,344.0
341,YW10-0218S,59,207,1934.0,344.0,488.0,485.0
342,YW10-0218S,59,674,1934.0,829.0,484.0,389.0
343,YW10-0218S,60,639,0.0,0.0,1934.0,412.5
344,YW10-0218S,60,772,0.0,412.5,1782.0,577.0
345,YW10-0218S,60,682,0.0,989.5,701.5,167.0
346,YW10-0218S,60,292,0.0,1156.5,632.0,58.0
347,YW10-0218S,60,282,632.0,1156.5,1048.0,58.0
348,YW10-0218S,60,342,1934.0,0.0,488.0,158.0
349,YW10-0218S,60,396,1934.0,158.0,459.5,329.0
350,YW10-0218S,60,536,1934.0,487.0,328.0,322.0
351,YW10-0218S,60,432,1934.0,809.0,328.0,322.0
352,YW10-0218S,61,541,0.0,0.0,1918.0,58.0
353,YW10-0218S,61,637,0.0,58.0,1172.5,528.0
354,YW10-0218S,61,684,1172.5,58.0,241.0,528.0
355,YW10-0218S,61,330,0.0,586.0,1378.0,598.0
356,YW10-0218S,61,515,1918.0,0.0,522.0,417.0
357,YW10-0218S,61,204,1918.0,417.0,521.0,398.0
358,YW10-0218S,61,236,1918.0,815.0,495.0,395.0
359,YW10-0218S,62,447,0.0,0.0,1797.0,328.0
360,YW10-0218S,62,601,0.0,328.0,524.5,359.0
361,YW10-0218S,62,773,524.5,328.0,524.5,359.0
362,YW10-0218S,62,562,0.0,687.0,770.0,530.0
363,YW10-0218S,62,22,770.0,687.0,344.0,530.0
364,YW10-0218S,62,104,1797.0,0.0,643.0,277.0
365,YW10-0218S,62,702,1797.0,277.0,534.0,272.5
366,YW10-0218S,62,388,1797.0,549.5,463.5,379.0
367,YW10-0218S,62,211,1797.0,928.5,407.0,277.5
368,YW10-0218S,63,494,0.0,0.0,1797.0,1007.0
369,YW10-0218S,63,737,0.0,1007.0,672.0,212.5
370,YW10-0218S,63,661,1797.0,0.0,636.0,58.0
371,YW10-0218S,63,317,1797.0,58.0,288.0,198.0
372,YW10-0218S,63,23,2085.0,58.0,338.0,198.0
373,YW10-0218S,63,605,1797.0,256.0,527.5,478.0
374,YW10-0218S,63,480,1797.0,734.0,579.0,468.5
375,YW10-0218S,64,346,0.0,0.0,1781.0,348.0
376,YW10-0218S,64,35,0.0,348.0,507.0,415.0
377,YW10-0218S,64,770,507.0,348.0,507.0,415.0
378,YW10-0218S,64,329,1014.0,348.0,474.5,415.0
379,YW10-0218S,64,163,0.0,763.0,414.0,151.5
380,YW10-0218S,64,519,414.0,763.0,444.0,151.5
381,YW10-0218S,64,159,0.0,914.5,358.0,301.0
382,YW10-0218S,64,162,1781.0,0.0,649.5,298.0
383,YW10-0218S,64,157,1781.0,298.0,575.0,468.0
384,YW10-0218S,64,291,1781.0,766.0,558.0,448.0
385,YW10-0218S,64,88,2339.0,766.0,58.0,448.0
386,YW10-0218S,65,592,0.0,0.0,1738.0,58.0
387,YW10-0218S,65,504,0.0,58.0,881.0,387.5
388,YW10-0218S,65,34,881.0,58.0,531.0,387.5
389,YW10-0218S,65,509,0.0,445.5,483.0,308.0
390,YW10-0218S,65,677,483.0,445.5,862.0,308.0
391,YW10-0218S,65,122,1345.0,445.5,370.0,308.0
392,YW10-0218S,65,445,0.0,753.5,991.0,462.0
393,YW10-0218S,65,246,991.0,753.5,379.0,462.0
394,YW10-0218S,65,62,1738.0,0.0,701.0,260.0
395,YW10-0218S,65,273,1738.0,260.0,668.0,545.0
396,YW10-0218S,65,160,1738.0,805.0,535.0,414.5
397,YW10-0218S,66,391,0.0,0.0,1658.0,398.0
398,YW10-0218S,66,389,0.0,398.0,841.0,555.0
399,YW10-0218S,66,240,0.0,953.0,393.5,266.5
400,YW10-0218S,66,137,393.5,953.0,393.5,266.5
401,YW10-0218S,66,349,1658.0,0.0,777.0,435.0
402,YW10-0218S,66,451,1658.0,435.0,771.0,549.0
403,YW10-0218S,66,547,1658.0,984.0,282.0,214.5
404,YW10-0218S,66,81,1940.0,984.0,282.0,214.5
405,YW10-0218S,67,165,0.0,0.0,1642.0,579.0
406,YW10-0218S,67,596,0.0,579.0,517.0,423.0
407,YW10-0218S,67,374,0.0,1002.0,573.0,216.0
408,YW10-0218S,67,717,1642.0,0.0,798.0,439.0
409,YW10-0218S,67,597,1642.0,439.0,560.0,327.0
410,YW10-0218S,67,331,1642.0,766.0,696.5,453.8
411,YW10-0218S,68,644,0.0,0.0,1638.5,882.0
412,YW10-0218S,68,488,0.0,882.0,668.4,289.0
413,YW10-0218S,68,371,668.4,882.0,754.0,289.0
414,YW10-0218S,68,500,0.0,1171.0,482.0,48.0
415,YW10-0218S,68,766,1638.5,0.0,798.0,380.0
416,YW10-0218S,68,559,1638.5,380.0,702.0,516.5
417,YW10-0218S,68,617,1638.5,896.5,438.0,158.0
418,YW10-0218S,68,67,2076.5,896.5,338.0,158.0
419,YW10-0218S,68,279,1638.5,1054.5,705.0,163.0
420,YW10-0218S,69,132,0.0,0.0,1625.0,377.0
421,YW10-0218S,69,130,0.0,377.0,847.0,58.0
422,YW10-0218S,69,384,847.0,377.0,733.1,58.0
423,YW10-0218S,69,428,0.0,435.0,996.5,360.5
424,YW10-0218S,69,520,0.0,795.5,881.0,387.5
425,YW10-0218S,69,632,1625.0,0.0,798.0,258.0
426,YW10-0218S,69,155,1625.0,258.0,558.0,418.0
427,YW10-0218S,69,80,1625.0,676.0,748.5,540.0
428,YW10-0218S,70,20,0.0,0.0,1625.0,377.0
429,YW10-0218S,70,390,0.0,377.0,898.0,787.0
430,YW10-0218S,70,469,0.0,1164.0,318.5,52.5
431,YW10-0218S,70,458,1625.0,0.0,798.0,357.0
432,YW10-0218S,70,525,1625.0,357.0,724.5,720.0
433,YW10-0218S,70,669,1625.0,1077.0,557.0,133.0
434,YW10-0218S,71,424,0.0,0.0,1619.5,276.5
435,YW10-0218S,71,94,0.0,276.5,1121.0,930.0
436,YW10-0218S,71,267,1121.0,276.5,358.0,930.0
437,YW10-0218S,71,714,1619.5,0.0,786.0,316.5
438,YW10-0218S,71,602,1619.5,316.5,771.0,549.0
439,YW10-0218S,71,584,1619.5,865.5,420.0,351.5
440,YW10-0218S,72,363,0.0,0.0,1618.0,398.0
441,YW10-0218S,72,651,0.0,398.0,762.0,508.0
442,YW10-0218S,72,166,762.0,398.0,710.0,508.0
443,YW10-0218S,72,468,0.0,906.0,997.0,310.0
444,YW10-0218S,72,415,1618.0,0.0,822.0,58.0
445,YW10-0218S,72,249,1618.0,58.0,560.5,360.3
446,YW10-0218S,72,634,1618.0,418.3,819.0,538.0
447,YW10-0218S,72,680,1618.0,956.3,327.0,261.5
448,YW10-0218S,73,10,0.0,0.0,1568.0,368.0
449,YW10-0218S,73,720,0.0,368.0,801.5,755.0
450,YW10-0218S,73,7,0.0,1123.0,343.0,92.5
451,YW10-0218S,73,197,343.0,1123.0,581.5,92.5
452,YW10-0218S,73,146,924.5,1123.0,568.0,92.5
453,YW10-0218S,73,563,1568.0,0.0,866.0,698.0
454,YW10-0218S,73,277,1568.0,698.0,577.0,509.5
455,YW10-0218S,74,641,0.0,0.0,1551.0,443.0
456,YW10-0218S,74,3,0.0,443.0,1179.5,702.0
457,YW10-0218S,74,472,0.0,1145.0,548.0,58.0
458,YW10-0218S,74,149,548.0,1145.0,950.0,58.0
459,YW10-0218S,74,774,1551.0,0.0,888.5,360.5
460,YW10-0218S,74,254,1551.0,360.5,762.0,327.0
461,YW10-0218S,74,700,1551.0,687.5,777.0,327.0
462,YW10-0218S,74,489,1551.0,1014.5,526.0,132.5
463,YW10-0218S,74,736,1551.0,1147.0,822.0,58.0
464,YW10-0218S,75,650,0.0,0.0,1536.0,278.0
465,YW10-0218S,75,448,0.0,278.0,1198.0,370.0
466,YW10-0218S,75,189,1198.0,278.0,308.0,370.0
467,YW10-0218S,75,461,0.0,648.0,588.0,572.0
468,YW10-0218S,75,334,588.0,648.0,588.0,572.0
469,YW10-0218S,75,237,1536.0,0.0,904.0,459.5
470,YW10-0218S,75,307,1536.0,459.5,564.0,414.5
471,YW10-0218S,75,579,1536.0,874.0,676.0,346.0
472,YW10-0218S,76,30,0.0,0.0,1517.5,258.0
473,YW10-0218S,76,14,0.0,258.0,461.0,373.0
474,YW10-0218S,76,272,461.0,258.0,461.0,373.0
475,YW10-0218S,76,518,922.0,258.0,461.0,373.0
476,YW10-0218S,76,253,0.0,631.0,847.0,583.0
477,YW10-0218S,76,217,1517.5,0.0,912.0,529.0
478,YW10-0218S,76,569,1517.5,529.0,832.0,677.0
479,YW10-0218S,77,585,0.0,0.0,1458.0,369.0
480,YW10-0218S,77,721,0.0,369.0,1011.0,560.0
481,YW10-0218S,77,655,0.0,929.0,664.0,288.0
482,YW10-0218S,77,83,664.0,929.0,158.0,288.0
483,YW10-0218S,77,340,822.0,929.0,158.0,288.0
484,YW10-0218S,77,529,980.0,929.0,158.0,288.0
485,YW10-0218S,77,184,1138.0,929.0,118.0,288.0
486,YW10-0218S,77,429,1458.0,0.0,942.0,392.0
487,YW10-0218S,77,517,1458.0,392.0,834.0,454.0
488,YW10-0218S,77,555,1458.0,846.0,738.0,374.0
489,YW10-0218S,78,353,0.0,0.0,1382.0,577.5
490,YW10-0218S,78,492,0.0,577.5,796.0,577.0
491,YW10-0218S,78,312,0.0,1154.5,380.0,58.0
492,YW10-0218S,78,158,380.0,1154.5,956.0,58.0
493,YW10-0218S,78,631,1382.0,0.0,1008.0,298.0
494,YW10-0218S,78,611,1382.0,298.0,880.0,348.0
495,YW10-0218S,78,347,1382.0,646.0,680.0,278.0
496,YW10-0218S,78,436,1382.0,924.0,844.5,294.0
497,YW10-0218S,79,280,0.0,0.0,1382.0,579.0
498,YW10-0218S,79,399,0.0,579.0,898.0,237.0
499,YW10-0218S,79,275,898.0,579.0,58.0,237.0
500,YW10-0218S,79,68,0.0,816.0,880.0,328.0
501,YW10-0218S,79,296,880.0,816.0,322.0,328.0
502,YW10-0218S,79,556,0.0,1144.0,488.0,68.0
503,YW10-0218S,79,606,1382.0,0.0,992.0,558.0
504,YW10-0218S,79,649,1382.0,558.0,918.0,58.0
505,YW10-0218S,79,621,1382.0,616.0,795.0,602.0
506,YW10-0218S,80,660,0.0,0.0,1362.0,565.0
507,YW10-0218S,80,417,0.0,565.0,888.5,355.0
508,YW10-0218S,80,143,888.5,565.0,439.0,355.0
509,YW10-0218S,80,266,0.0,920.0,368.0,298.0
510,YW10-0218S,80,16,1362.0,0.0,942.0,392.0
511,YW10-0218S,80,414,1362.0,392.0,821.0,579.0
512,YW10-0218S,80,538,1362.0,971.0,402.0,249.0
513,YW10-0218S,80,283,1764.0,971.0,402.0,249.0
514,YW10-0218S,81,561,0.0,0.0,1362.0,565.0
515,YW10-0218S,81,754,0.0,565.0,847.0,575.0
516,YW10-0218S,81,210,0.0,1140.0,762.0,78.0
517,YW10-0218S,81,106,1362.0,0.0,935.5,369.0
518,YW10-0218S,81,11,1362.0,369.0,878.0,478.0
519,YW10-0218S,81,475,1362.0,847.0,508.0,370.0
520,YW10-0218S,82,86,0.0,0.0,1350.5,430.0
521,YW10-0218S,82,93,0.0,430.0,1165.0,571.0
522,YW10-0218S,82,121,0.0,1001.0,840.0,190.0
523,YW10-0218S,82,748,1350.5,0.0,1080.0,378.0
524,YW10-0218S,82,701,1350.5,378.0,898.0,448.0
525,YW10-0218S,82,768,1350.5,826.0,912.5,386.5
526,YW10-0218S,83,1,0.0,0.0,1339.0,352.5
527,YW10-0218S,83,691,0.0,352.5,877.0,343.0
528,YW10-0218S,83,775,0.0,695.5,776.0,489.0
529,YW10-0218S,83,543,776.0,695.5,341.0,489.0
530,YW10-0218S,83,756,1339.0,0.0,910.0,367.5
531,YW10-0218S,83,372,1339.0,367.5,841.0,528.0
532,YW10-0218S,83,688,1339.0,895.5,802.0,318.0
533,YW10-0218S,84,17,0.0,0.0,1320.5,400.0
534,YW10-0218S,84,97,0.0,400.0,881.0,428.0
535,YW10-0218S,84,186,0.0,828.0,888.5,347.0
536,YW10-0218S,84,433,1320.5,0.0,898.0,398.0
537,YW10-0218S,84,416,1320.5,398.0,778.0,453.8
538,YW10-0218S,84,653,1320.5,851.8,527.0,361.0
539,YW10-0218S,85,36,0.0,0.0,1198.0,370.0
540,YW10-0218S,85,107,0.0,370.0,793.0,446.5
541,YW10-0218S,85,187,0.0,816.5,921.0,402.0
542,YW10-0218S,85,49,1198.0,0.0,1159.0,548.0
543,YW10-0218S,85,208,1198.0,548.0,1012.0,579.0
544,YW10-0218S,85,32,1198.0,1127.0,363.0,92.5
545,YW10-0218S,85,190,1561.0,1127.0,568.0,92.5
546,YW10-0218S,86,686,0.0,0.0,1128.0,348.0
547,YW10-0218S,86,72,0.0,348.0,998.0,866.0
548,YW10-0218S,86,310,1128.0,0.0,1122.0,729.0
549,YW10-0218S,86,437,1128.0,729.0,707.0,489.0
550,YW10-0218S,86,227,1835.0,729.0,357.5,489.0
551,YW10-0218S,87,108,0.0,0.0,898.0,367.0
552,YW10-0218S,87,486,0.0,367.0,729.0,457.5
553,YW10-0218S,87,134,0.0,824.5,557.0,394.0
554,YW10-0218S,87,616,898.0,0.0,898.0,448.0
555,YW10-0218S,87,490,898.0,448.0,863.0,560.0
556,YW10-0218S,87,245,898.0,1008.0,803.0,193.5
557,YW10-0218S,87,620,1796.0,0.0,631.0,348.0
558,YW10-0218S,87,196,1796.0,348.0,560.5,360.3
559,YW10-0218S,87,719,1796.0,708.3,594.0,439.0
560,YW10-0218S,87,729,1796.0,1147.3,625.0,38.0
561,YW10-0218S,88,442,0.0,0.0,898.0,350.5
562,YW10-0218S,88,666,0.0,350.5,464.0,378.8
563,YW10-0218S,88,202,0.0,729.3,707.0,489.0
564,YW10-0218S,88,459,898.0,0.0,880.0,328.0
565,YW10-0218S,88,239,898.0,328.0,816.0,468.5
566,YW10-0218S,88,401,898.0,796.5,682.0,413.0
567,YW10-0218S,88,465,1778.0,0.0,594.0,366.0
568,YW10-0218S,88,206,1778.0,366.0,560.0,447.0
569,YW10-0218S,88,725,1778.0,813.0,536.0,400.0
570,YW10-0218S,89,690,0.0,0.0,878.0,461.0
571,YW10-0218S,89,678,0.0,461.0,862.0,577.0
572,YW10-0218S,89,87,0.0,1038.0,197.5,177.0
573,YW10-0218S,89,657,878.0,0.0,863.5,499.5
574,YW10-0218S,89,313,878.0,499.5,331.0,296.0
575,YW10-0218S,89,250,878.0,795.5,388.5,342.5
576,YW10-0218S,89,118,878.0,1138.0,338.0,78.0
577,YW10-0218S,89,226,1216.0,1138.0,488.0,78.0
578,YW10-0218S,89,295,1741.5,0.0,696.5,453.8
579,YW10-0218S,89,242,1741.5,453.8,546.0,441.0
580,YW10-0218S,89,528,1741.5,894.8,489.0,324.0
581,YW10-0218S,90,619,0.0,0.0,862.0,307.5
582,YW10-0218S,90,455,0.0,307.5,811.0,656.5
583,YW10-0218S,90,103,0.0,964.0,419.8,255.5
584,YW10-0218S,90,676,862.0,0.0,862.0,327.0
585,YW10-0218S,90,135,862.0,327.0,788.0,698.0
586,YW10-0218S,90,444,862.0,1025.0,579.0,195.0
587,YW10-0218S,90,216,1724.0,0.0,712.0,327.0
588,YW10-0218S,90,507,1724.0,327.0,618.0,580.0
589,YW10-0218S,90,439,1724.0,907.0,370.0,308.0
590,YW10-0218S,91,262,0.0,0.0,848.0,470.0
591,YW10-0218S,91,169,0.0,470.0,840.0,548.0
592,YW10-0218S,91,205,0.0,1018.0,743.0,198.5
593,YW10-0218S,91,449,848.0,0.0,847.0,575.0
594,YW10-0218S,91,551,848.0,575.0,841.0,598.0
595,YW10-0218S,91,286,848.0,1173.0,356.0,38.0
596,YW10-0218S,91,568,1695.0,0.0,738.5,431.0
597,YW10-0218S,91,357,1695.0,431.0,723.0,477.5
598,YW10-0218S,91,294,1695.0,908.5,437.0,294.5
599,YW10-0218S,92,300,0.0,0.0,846.0,564.0
600,YW10-0218S,92,387,0.0,564.0,811.0,622.5
601,YW10-0218S,92,138,846.0,0.0,844.0,395.0
602,YW10-0218S,92,516,846.0,395.0,716.0,318.0
603,YW10-0218S,92,120,846.0,713.0,560.0,498.5
604,YW10-0218S,92,623,1406.0,713.0,38.0,498.5
605,YW10-0218S,92,499,1690.0,0.0,747.0,380.0
606,YW10-0218S,92,400,1690.0,380.0,728.0,562.0
607,YW10-0218S,92,339,1690.0,942.0,617.0,278.0
608,YW10-0218S,93,540,0.0,0.0,843.0,242.0
609,YW10-0218S,93,510,0.0,242.0,767.0,431.0
610,YW10-0218S,93,462,0.0,673.0,811.0,328.5
611,YW10-0218S,93,45,0.0,1001.5,438.0,158.0
612,YW10-0218S,93,179,0.0,1159.5,718.0,58.0
613,YW10-0218S,93,351,843.0,0.0,830.0,361.0
614,YW10-0218S,93,321,843.0,361.0,811.0,761.0
615,YW10-0218S,93,550,843.0,1122.0,698.0,98.0
616,YW10-0218S,93,438,1673.0,0.0,766.0,38.0
617,YW10-0218S,93,646,1673.0,38.0,721.0,654.5
618,YW10-0218S,93,744,1673.0,692.5,578.0,518.0
619,YW10-0218S,94,564,0.0,0.0,826.0,413.0
620,YW10-0218S,94,221,0.0,413.0,801.0,579.0
621,YW10-0218S,94,456,0.0,992.0,370.0,227.0
622,YW10-0218S,94,464,826.0,0.0,776.0,489.0
623,YW10-0218S,94,203,826.0,489.0,770.0,662.0
624,YW10-0218S,94,194,826.0,1151.0,302.0,58.0
625,YW10-0218S,94,426,1128.0,1151.0,460.0,58.0
626,YW10-0218S,94,594,1602.0,0.0,760.0,401.5
627,YW10-0218S,94,672,1602.0,401.5,691.0,477.0
628,YW10-0218S,94,64,1602.0,878.5,544.0,334.5
629,YW10-0218S,95,402,0.0,0.0,760.0,327.0
630,YW10-0218S,95,261,0.0,327.0,677.0,529.0
631,YW10-0218S,95,311,0.0,856.0,508.0,361.0
632,YW10-0218S,95,42,760.0,0.0,754.0,387.5
633,YW10-0218S,95,370,760.0,387.5,740.0,708.0
634,YW10-0218S,95,167,760.0,1095.5,238.0,118.0
635,YW10-0218S,95,176,998.0,1095.5,488.0,118.0
636,YW10-0218S,95,658,1514.0,0.0,752.0,340.0
637,YW10-0218S,95,224,1514.0,340.0,582.5,489.0
638,YW10-0218S,95,533,1514.0,829.0,538.0,390.0
639,YW10-0218S,96,125,0.0,0.0,747.0,380.0
640,YW10-0218S,96,663,0.0,380.0,709.0,562.0
641,YW10-0218S,96,90,0.0,942.0,478.0,278.0
642,YW10-0218S,96,757,747.0,0.0,734.0,248.0
643,YW10-0218S,96,328,747.0,248.0,723.0,428.0
644,YW10-0218S,96,140,747.0,676.0,723.0,428.0
645,YW10-0218S,96,152,747.0,1104.0,537.0,116.0
646,YW10-0218S,96,738,1481.0,0.0,729.0,351.5
647,YW10-0218S,96,622,1481.0,351.5,694.0,279.0
648,YW10-0218S,96,576,1481.0,630.5,694.0,279.0
649,YW10-0218S,96,670,1481.0,909.5,706.0,279.0
650,YW10-0218S,97,423,0.0,0.0,728.0,379.0
651,YW10-0218S,97,560,0.0,379.0,463.3,275.0
652,YW10-0218S,97,281,0.0,654.0,420.0,316.5
653,YW10-0218S,97,625,0.0,970.5,651.0,239.0
654,YW10-0218S,97,746,728.0,0.0,720.0,512.0
655,YW10-0218S,97,587,728.0,512.0,717.0,644.0
656,YW10-0218S,97,591,728.0,1156.0,217.0,58.0
657,YW10-0218S,97,698,945.0,1156.0,470.5,58.0
658,YW10-0218S,97,51,1448.0,0.0,717.0,644.0
659,YW10-0218S,97,603,1448.0,644.0,588.0,572.0
660,YW10-0218S,98,95,0.0,0.0,711.0,558.0
661,YW10-0218S,98,548,0.0,558.0,588.0,572.0
662,YW10-0218S,98,761,0.0,1130.0,488.0,78.0
663,YW10-0218S,98,188,711.0,0.0,706.5,350.5
664,YW10-0218S,98,198,711.0,350.5,701.5,360.0
665,YW10-0218S,98,699,711.0,710.5,698.0,328.0
666,YW10-0218S,98,450,711.0,1038.5,438.0,158.0
667,YW10-0218S,98,270,1417.5,0.0,706.0,279.0
668,YW10-0218S,98,763,1417.5,279.0,635.0,402.5
669,YW10-0218S,98,193,1417.5,681.5,388.0,158.0
670,YW10-0218S,98,590,1417.5,839.5,680.0,378.0
671,YW10-0218S,99,225,0.0,0.0,706.0,279.0
672,YW10-0218S,99,647,0.0,279.0,557.0,360.0
673,YW10-0218S,99,63,0.0,639.0,540.0,427.0
674,YW10-0218S,99,47,0.0,1066.0,548.0,148.0
675,YW10-0218S,99,386,706.0,0.0,691.0,477.0
676,YW10-0218S,99,687,706.0,477.0,558.0,412.0
677,YW10-0218S,99,406,706.0,889.0,598.0,330.0
678,YW10-0218S,99,278,1397.0,0.0,690.0,132.5
679,YW10-0218S,99,301,1397.0,132.5,651.0,610.0
680,YW10-0218S,99,484,1397.0,742.5,502.0,477.0
681,YW10-0218S,100,100,0.0,0.0,674.0,317.0
682,YW10-0218S,100,715,0.0,317.0,526.0,328.0
683,YW10-0218S,100,609,0.0,645.0,503.5,327.0
684,YW10-0218S,100,15,0.0,972.0,439.0,245.0
685,YW10-0218S,100,476,674.0,0.0,671.0,358.0
686,YW10-0218S,100,624,674.0,358.0,558.0,443.0
687,YW10-0218S,100,233,674.0,801.0,651.0,239.0
688,YW10-0218S,100,5,674.0,1040.0,568.0,170.0
689,YW10-0218S,100,55,1345.0,0.0,666.0,294.5
690,YW10-0218S,100,664,1345.0,294.5,651.0,610.0
691,YW10-0218S,100,583,1345.0,904.5,328.0,315.0
692,YW10-0218S,101,613,0.0,0.0,662.5,507.5
693,YW10-0218S,101,112,0.0,507.5,660.0,538.5
694,YW10-0218S,101,381,0.0,1046.0,568.0,170.0
695,YW10-0218S,101,614,662.5,0.0,662.5,507.5
696,YW10-0218S,101,52,662.5,507.5,662.5,558.0
697,YW10-0218S,101,503,662.5,1065.5,437.5,149.0
698,YW10-0218S,101,598,1325.0,0.0,579.0,397.0
699,YW10-0218S,101,79,1325.0,397.0,578.0,530.0
700,YW10-0218S,101,474,1325.0,927.0,498.5,290.0
701,YW10-0218S,101,192,1904.0,0.0,534.0,272.5
702,YW10-0218S,101,241,1904.0,272.5,518.0,370.0
703,YW10-0218S,101,232,1904.0,642.5,524.5,383.8
704,YW10-0218S,101,244,1904.0,1026.3,483.0,132.5
705,YW10-0218S,102,394,0.0,0.0,571.0,542.0
706,YW10-0218S,102,466,0.0,542.0,541.0,92.5
707,YW10-0218S,102,223,0.0,634.5,550.0,498.5
708,YW10-0218S,102,549,0.0,1133.0,338.0,78.0
709,YW10-0218S,102,228,571.0,0.0,556.0,410.0
710,YW10-0218S,102,367,571.0,410.0,504.0,489.0
711,YW10-0218S,102,218,571.0,899.0,396.5,317.0
712,YW10-0218S,102,38,1127.0,0.0,550.0,448.0
713,YW10-0218S,102,760,1127.0,448.0,523.0,488.0
714,YW10-0218S,102,345,1127.0,936.0,398.0,278.0
715,YW10-0218S,102,111,1525.0,936.0,38.0,278.0
716,YW10-0218S,102,359,1677.0,0.0,527.0,361.0
717,YW10-0218S,102,612,1677.0,361.0,527.0,389.0
718,YW10-0218S,102,369,1677.0,750.0,524.5,383.8
719,YW10-0218S,103,667,0.0,0.0,517.5,380.0
720,YW10-0218S,103,368,0.0,380.0,503.0,448.0
721,YW10-0218S,103,404,0.0,828.0,484.0,389.0
722,YW10-0218S,103,276,517.5,0.0,517.0,367.0
723,YW10-0218S,103,256,517.5,367.0,508.0,361.0
724,YW10-0218S,103,222,517.5,728.0,508.0,361.0
725,YW10-0218S,103,732,517.5,1089.0,338.0,118.0
726,YW10-0218S,103,105,1034.5,0.0,517.0,367.0
727,YW10-0218S,103,552,1034.5,367.0,461.0,373.0
728,YW10-0218S,103,173,1034.5,740.0,464.0,418.0
729,YW10-0218S,103,498,1551.5,0.0,517.0,351.5
730,YW10-0218S,103,629,1551.5,351.5,495.0,459.5
731,YW10-0218S,103,512,1551.5,811.0,434.5,407.5
732,YW10-0218S,104,18,0.0,0.0,508.0,289.0
733,YW10-0218S,104,284,0.0,289.0,508.0,479.0
734,YW10-0218S,104,420,0.0,768.0,503.0,448.0
735,YW10-0218S,104,150,508.0,0.0,484.0,365.3
736,YW10-0218S,104,495,508.0,365.3,466.0,463.0
737,YW10-0218S,104,722,508.0,828.3,415.0,389.5
738,YW10-0218S,104,728,992.0,0.0,474.5,461.5
739,YW10-0218S,104,522,992.0,461.5,444.5,444.0
740,YW10-0218S,104,109,992.0,905.5,393.0,309.0
741,YW10-0218S,104,171,1466.5,0.0,463.3,275.0
742,YW10-0218S,104,298,1466.5,275.0,460.0,373.0
743,YW10-0218S,104,571,1466.5,648.0,420.0,349.5
744,YW10-0218S,104,627,1466.5,997.5,288.0,158.0
745,YW10-0218S,104,175,1929.8,0.0,460.0,373.0
746,YW10-0218S,104,43,1929.8,373.0,460.0,377.0
747,YW10-0218S,104,395,1929.8,750.0,420.0,376.5
748,YW10-0218S,104,582,1929.8,1126.5,383.0,92.5
749,YW10-0218S,105,580,0.0,0.0,460.0,430.0
750,YW10-0218S,105,354,0.0,430.0,444.0,443.0
751,YW10-0218S,105,703,0.0,873.0,360.5,347.0
