,item_material,flat_index,item_id,x,y,x_length,y_length
0,NBSY-0218SD,0,25478,0.0,0.0,2398.0,280.0
1,NBSY-0218SD,0,25598,0.0,280.0,2438.0,38.0
2,NBSY-0218SD,0,25303,0.0,318.0,1704.0,58.0
3,NBSY-0218SD,0,25515,0.0,376.0,2384.0,58.0
4,NBSY-0218SD,0,25355,0.0,434.0,2410.0,38.0
5,NBSY-0218SD,0,25270,0.0,472.0,1688.0,58.0
6,NBSY-0218SD,0,25392,0.0,530.0,936.0,58.0
7,NBSY-0218SD,0,25779,936.0,530.0,1062.0,58.0
8,NBSY-0218SD,0,25660,0.0,588.0,2148.0,58.0
9,NBSY-0218SD,0,25495,0.0,646.0,2438.0,38.0
10,NBSY-0218SD,0,25539,0.0,684.0,2438.0,38.0
11,NBSY-0218SD,0,25124,0.0,722.0,2398.0,38.0
12,NBSY-0218SD,0,25608,0.0,760.0,921.0,58.0
13,NBSY-0218SD,0,25131,921.0,760.0,1011.0,58.0
14,NBSY-0218SD,0,25486,0.0,818.0,947.0,58.0
15,NBSY-0218SD,0,25438,947.0,818.0,947.0,58.0
16,NBSY-0218SD,0,25419,0.0,876.0,1918.0,38.0
17,NBSY-0218SD,0,25360,0.0,914.0,2418.0,58.0
18,NBSY-0218SD,0,25473,0.0,972.0,2391.0,38.0
19,NBSY-0218SD,0,25169,0.0,1010.0,2438.0,38.0
20,NBSY-0218SD,0,25252,0.0,1048.0,2355.0,38.0
21,NBSY-0218SD,0,25121,0.0,1086.0,2218.0,58.0
22,NBSY-0218SD,1,25879,0.0,0.0,2386.0,420.0
23,NBSY-0218SD,1,25173,0.0,420.0,819.0,318.0
24,NBSY-0218SD,1,25858,0.0,738.0,526.0,306.5
25,NBSY-0218SD,1,25583,0.0,1044.5,2438.0,38.0
26,NBSY-0218SD,1,25883,0.0,1082.5,811.0,58.0
27,NBSY-0218SD,1,25891,811.0,1082.5,1210.0,58.0
28,NBSY-0218SD,1,25126,0.0,1140.5,2438.0,38.0
29,NBSY-0218SD,1,25772,0.0,1178.5,900.0,38.0
30,NBSY-0218SD,1,25385,900.0,1178.5,920.5,38.0
31,NBSY-0218SD,2,25432,0.0,0.0,2228.0,58.0
32,NBSY-0218SD,2,25859,0.0,58.0,465.0,349.0
33,NBSY-0218SD,2,25936,465.0,58.0,465.0,349.0
34,NBSY-0218SD,2,25441,0.0,407.0,1783.0,287.0
35,NBSY-0218SD,2,25132,0.0,694.0,790.0,359.5
36,NBSY-0218SD,2,25309,0.0,1053.5,981.5,121.5
37,NBSY-0218SD,2,25129,0.0,1175.0,883.0,38.0
38,NBSY-0218SD,2,25712,883.0,1175.0,998.0,38.0
39,NBSY-0218SD,3,25386,0.0,0.0,2438.0,38.0
40,NBSY-0218SD,3,25174,0.0,38.0,911.0,52.5
41,NBSY-0218SD,3,25488,911.0,38.0,711.0,52.5
42,NBSY-0218SD,3,25374,1622.0,38.0,536.0,52.5
43,NBSY-0218SD,3,25389,0.0,90.5,2438.0,38.0
44,NBSY-0218SD,3,25119,0.0,128.5,1839.0,118.0
45,NBSY-0218SD,3,25356,0.0,246.5,1248.0,58.0
46,NBSY-0218SD,3,25317,1248.0,246.5,1183.0,58.0
47,NBSY-0218SD,3,25687,0.0,304.5,1188.0,290.0
48,NBSY-0218SD,3,25461,0.0,594.5,1235.0,298.0
49,NBSY-0218SD,3,25897,1235.0,594.5,598.0,298.0
50,NBSY-0218SD,3,25762,0.0,892.5,939.0,58.0
51,NBSY-0218SD,3,25150,939.0,892.5,1210.0,58.0
52,NBSY-0218SD,3,25291,0.0,950.5,423.0,268.0
53,NBSY-0218SD,4,25445,0.0,0.0,2398.0,580.0
54,NBSY-0218SD,4,25724,0.0,580.0,495.0,213.0
55,NBSY-0218SD,4,25094,0.0,793.0,2138.0,58.0
56,NBSY-0218SD,4,25476,0.0,851.0,1494.0,319.0
57,NBSY-0218SD,4,25105,0.0,1170.0,618.0,38.0
58,NBSY-0218SD,4,25130,618.0,1170.0,1220.0,38.0
59,NBSY-0218SD,5,25146,0.0,0.0,2360.0,58.0
60,NBSY-0218SD,5,25916,0.0,58.0,767.0,58.0
61,NBSY-0218SD,5,25429,767.0,58.0,1485.0,58.0
62,NBSY-0218SD,5,25860,0.0,116.0,885.0,308.0
63,NBSY-0218SD,5,25218,885.0,116.0,434.0,308.0
64,NBSY-0218SD,5,25612,0.0,424.0,939.0,358.5
65,NBSY-0218SD,5,25844,0.0,782.5,1302.0,58.0
66,NBSY-0218SD,5,25895,1302.0,782.5,1138.0,58.0
67,NBSY-0218SD,5,25910,0.0,840.5,1822.0,377.0
68,NBSY-0218SD,6,25208,0.0,0.0,2398.0,398.0
69,NBSY-0218SD,6,25759,0.0,398.0,801.0,361.0
70,NBSY-0218SD,6,25411,0.0,759.0,2398.0,38.0
71,NBSY-0218SD,6,25567,0.0,797.0,2394.5,375.0
72,NBSY-0218SD,6,25625,0.0,1172.0,556.0,38.0
73,NBSY-0218SD,6,25633,556.0,1172.0,1298.0,38.0
74,NBSY-0218SD,7,25328,0.0,0.0,2386.0,440.0
75,NBSY-0218SD,7,25744,0.0,440.0,1067.0,342.0
76,NBSY-0218SD,7,25571,1067.0,440.0,1067.0,342.0
77,NBSY-0218SD,7,25915,0.0,782.0,2301.0,188.0
78,NBSY-0218SD,7,25359,0.0,970.0,948.0,248.0
79,NBSY-0218SD,8,25635,0.0,0.0,2301.0,574.0
80,NBSY-0218SD,8,25619,0.0,574.0,1148.0,466.0
81,NBSY-0218SD,8,25694,0.0,1040.0,1114.0,43.0
82,NBSY-0218SD,8,25278,0.0,1083.0,593.0,132.0
83,NBSY-0218SD,9,25187,0.0,0.0,2398.0,380.0
84,NBSY-0218SD,9,25876,0.0,380.0,2338.0,377.0
85,NBSY-0218SD,9,25771,0.0,757.0,2246.0,460.0
86,NBSY-0218SD,10,25427,0.0,0.0,2398.0,380.0
87,NBSY-0218SD,10,25917,0.0,380.0,1748.0,347.0
88,NBSY-0218SD,10,25890,1748.0,380.0,558.0,347.0
89,NBSY-0218SD,10,25264,0.0,727.0,1768.0,58.0
90,NBSY-0218SD,10,25262,1768.0,727.0,597.0,58.0
91,NBSY-0218SD,10,25140,0.0,785.0,2334.0,435.0
92,NBSY-0218SD,11,25400,0.0,0.0,2438.0,38.0
93,NBSY-0218SD,11,25305,0.0,38.0,1439.5,395.0
94,NBSY-0218SD,11,25599,0.0,433.0,1235.0,298.0
95,NBSY-0218SD,11,25433,1235.0,433.0,598.0,298.0
96,NBSY-0218SD,11,25596,1833.0,433.0,598.0,298.0
97,NBSY-0218SD,11,25408,0.0,731.0,643.0,248.0
98,NBSY-0218SD,11,25308,643.0,731.0,998.0,248.0
99,NBSY-0218SD,11,25361,0.0,979.0,630.5,239.0
100,NBSY-0218SD,11,25310,630.5,979.0,639.5,239.0
101,NBSY-0218SD,12,25257,0.0,0.0,2338.0,598.0
102,NBSY-0218SD,12,25557,0.0,598.0,1302.0,457.0
103,NBSY-0218SD,12,25234,0.0,1055.0,1859.0,58.0
104,NBSY-0218SD,12,25326,1859.0,1055.0,562.0,58.0
105,NBSY-0218SD,12,25645,0.0,1113.0,492.0,58.0
106,NBSY-0218SD,12,25265,492.0,1113.0,1780.0,58.0
107,NBSY-0218SD,12,25760,0.0,1171.0,395.0,48.0
108,NBSY-0218SD,12,25513,395.0,1171.0,395.0,48.0
109,NBSY-0218SD,13,25125,0.0,0.0,2241.0,400.0
110,NBSY-0218SD,13,25540,0.0,400.0,579.0,455.0
111,NBSY-0218SD,13,25283,579.0,400.0,598.0,455.0
112,NBSY-0218SD,13,25272,0.0,855.0,439.0,364.0
113,NBSY-0218SD,14,25357,0.0,0.0,2298.0,373.0
114,NBSY-0218SD,14,25648,0.0,373.0,967.0,384.5
115,NBSY-0218SD,14,25457,0.0,757.5,1480.0,309.0
116,NBSY-0218SD,14,25706,1480.0,757.5,397.0,309.0
117,NBSY-0218SD,14,25661,0.0,1066.5,908.0,148.0
118,NBSY-0218SD,15,25615,0.0,0.0,2236.0,402.0
119,NBSY-0218SD,15,25708,0.0,402.0,2425.0,568.0
120,NBSY-0218SD,15,25585,0.0,970.0,713.0,249.5
121,NBSY-0218SD,16,25503,0.0,0.0,2425.0,568.0
122,NBSY-0218SD,16,25496,0.0,568.0,2038.0,580.0
123,NBSY-0218SD,16,25426,0.0,1148.0,407.0,58.0
124,NBSY-0218SD,16,25139,407.0,1148.0,1954.0,58.0
125,NBSY-0218SD,17,25678,0.0,0.0,2361.0,58.0
126,NBSY-0218SD,17,25527,0.0,58.0,2021.5,371.0
127,NBSY-0218SD,17,25183,2021.5,58.0,172.5,371.0
128,NBSY-0218SD,17,25834,0.0,429.0,2148.0,398.0
129,NBSY-0218SD,17,25354,0.0,827.0,1132.0,359.0
130,NBSY-0218SD,18,25390,0.0,0.0,2348.0,530.0
131,NBSY-0218SD,18,25409,0.0,530.0,735.0,528.0
132,NBSY-0218SD,18,25688,735.0,530.0,1603.0,528.0
133,NBSY-0218SD,18,25232,0.0,1058.0,248.0,161.0
134,NBSY-0218SD,18,25485,248.0,1058.0,428.0,161.0
135,NBSY-0218SD,18,25656,676.0,1058.0,327.0,161.0
136,NBSY-0218SD,19,25256,0.0,0.0,2198.0,298.0
137,NBSY-0218SD,19,25410,0.0,298.0,2146.0,763.0
138,NBSY-0218SD,19,25774,0.0,1061.0,338.0,158.0
139,NBSY-0218SD,19,25312,338.0,1061.0,488.0,158.0
140,NBSY-0218SD,19,25545,826.0,1061.0,387.0,158.0
141,NBSY-0218SD,19,25491,1213.0,1061.0,338.0,158.0
142,NBSY-0218SD,19,25580,1551.0,1061.0,338.0,158.0
143,NBSY-0218SD,19,25590,1889.0,1061.0,338.0,158.0
144,NBSY-0218SD,20,25787,0.0,0.0,2348.0,370.0
145,NBSY-0218SD,20,25785,0.0,370.0,1368.0,298.0
146,NBSY-0218SD,20,25841,1368.0,370.0,698.0,298.0
147,NBSY-0218SD,20,25092,0.0,668.0,1198.0,383.0
148,NBSY-0218SD,20,25868,1198.0,668.0,795.5,383.0
149,NBSY-0218SD,20,25220,1993.5,668.0,358.0,383.0
150,NBSY-0218SD,20,25135,0.0,1051.0,1202.0,58.0
151,NBSY-0218SD,20,25809,1202.0,1051.0,1218.0,58.0
152,NBSY-0218SD,20,25857,0.0,1109.0,437.0,99.0
153,NBSY-0218SD,21,25447,0.0,0.0,2251.0,771.0
154,NBSY-0218SD,21,25763,0.0,771.0,560.0,446.0
155,NBSY-0218SD,21,25802,560.0,771.0,598.0,446.0
156,NBSY-0218SD,22,25638,0.0,0.0,2284.0,406.0
157,NBSY-0218SD,22,25586,0.0,406.0,1197.0,498.0
158,NBSY-0218SD,22,25733,0.0,904.0,833.0,302.0
159,NBSY-0218SD,23,25720,0.0,0.0,2393.0,408.0
160,NBSY-0218SD,23,25280,0.0,408.0,777.0,329.0
161,NBSY-0218SD,23,25564,777.0,408.0,922.0,329.0
162,NBSY-0218SD,23,25658,0.0,737.0,498.0,238.0
163,NBSY-0218SD,23,25435,498.0,737.0,488.0,238.0
164,NBSY-0218SD,23,25380,986.0,737.0,238.0,238.0
165,NBSY-0218SD,23,25307,1224.0,737.0,118.0,238.0
166,NBSY-0218SD,23,25652,1342.0,737.0,118.0,238.0
167,NBSY-0218SD,23,25669,1460.0,737.0,118.0,238.0
168,NBSY-0218SD,23,25673,1578.0,737.0,118.0,238.0
169,NBSY-0218SD,23,25870,1696.0,737.0,118.0,238.0
170,NBSY-0218SD,23,25930,1814.0,737.0,118.0,238.0
171,NBSY-0218SD,23,25573,0.0,975.0,862.0,243.0
172,NBSY-0218SD,24,25874,0.0,0.0,2398.0,380.0
173,NBSY-0218SD,24,25856,0.0,380.0,2398.0,575.0
174,NBSY-0218SD,24,25674,0.0,955.0,459.0,259.5
175,NBSY-0218SD,24,25273,459.0,955.0,716.0,259.5
176,NBSY-0218SD,25,25739,0.0,0.0,2339.0,440.0
177,NBSY-0218SD,25,25321,0.0,440.0,811.0,576.0
178,NBSY-0218SD,25,25320,811.0,440.0,980.0,576.0
179,NBSY-0218SD,25,25726,1791.0,440.0,400.0,576.0
180,NBSY-0218SD,25,25610,0.0,1016.0,438.0,198.0
181,NBSY-0218SD,25,25242,438.0,1016.0,836.0,198.0
182,NBSY-0218SD,25,25646,1274.0,1016.0,774.0,198.0
183,NBSY-0218SD,26,25543,0.0,0.0,2353.0,822.0
184,NBSY-0218SD,26,25128,2353.0,0.0,58.0,822.0
185,NBSY-0218SD,26,25202,0.0,822.0,432.5,398.0
186,NBSY-0218SD,26,25881,432.5,822.0,583.0,398.0
187,NBSY-0218SD,26,25783,1015.5,822.0,128.0,398.0
188,NBSY-0218SD,26,25161,1143.5,822.0,48.0,398.0
189,NBSY-0218SD,27,25553,0.0,0.0,2369.0,392.5
190,NBSY-0218SD,27,25616,0.0,392.5,475.5,380.0
191,NBSY-0218SD,27,25784,475.5,392.5,1445.0,380.0
192,NBSY-0218SD,27,25820,1920.5,392.5,475.5,380.0
193,NBSY-0218SD,27,25455,0.0,772.5,541.5,447.5
194,NBSY-0218SD,28,25929,0.0,0.0,2251.0,737.0
195,NBSY-0218SD,28,25717,0.0,737.0,1111.0,482.0
196,NBSY-0218SD,29,25723,0.0,0.0,2243.0,588.0
197,NBSY-0218SD,29,25790,0.0,588.0,2398.0,398.0
198,NBSY-0218SD,29,25504,0.0,986.0,376.0,230.5
199,NBSY-0218SD,30,25529,0.0,0.0,2252.0,390.0
200,NBSY-0218SD,30,25209,0.0,390.0,2347.0,558.0
201,NBSY-0218SD,30,25313,0.0,948.0,466.0,268.5
202,NBSY-0218SD,31,25554,0.0,0.0,2370.0,558.0
203,NBSY-0218SD,31,25716,0.0,558.0,2052.0,564.5
204,NBSY-0218SD,31,25863,0.0,1122.5,231.0,92.5
205,NBSY-0218SD,31,25576,231.0,1122.5,800.0,92.5
206,NBSY-0218SD,31,25228,1031.0,1122.5,756.0,92.5
207,NBSY-0218SD,31,25145,1787.0,1122.5,513.5,92.5
208,NBSY-0218SD,32,25120,0.0,0.0,2360.0,357.0
209,NBSY-0218SD,32,25624,0.0,357.0,1859.0,330.0
210,NBSY-0218SD,32,25753,1859.0,357.0,508.0,330.0
211,NBSY-0218SD,32,25176,0.0,687.0,807.0,530.0
212,NBSY-0218SD,32,25523,807.0,687.0,840.0,530.0
213,NBSY-0218SD,32,25922,1647.0,687.0,38.0,530.0
214,NBSY-0218SD,33,25330,0.0,0.0,2386.0,415.0
215,NBSY-0218SD,33,25484,0.0,415.0,1494.0,541.0
216,NBSY-0218SD,33,25617,1494.0,415.0,319.0,541.0
217,NBSY-0218SD,33,25926,0.0,956.0,262.0,260.0
218,NBSY-0218SD,33,25866,262.0,956.0,1332.0,260.0
219,NBSY-0218SD,33,25597,1594.0,956.0,427.0,260.0
220,NBSY-0218SD,33,25805,2021.0,956.0,262.0,260.0
221,NBSY-0218SD,34,25681,0.0,0.0,2398.0,575.0
222,NBSY-0218SD,34,25165,0.0,575.0,825.0,277.5
223,NBSY-0218SD,34,25878,825.0,575.0,771.0,277.5
224,NBSY-0218SD,34,25316,0.0,852.5,536.0,365.0
225,NBSY-0218SD,35,25372,0.0,0.0,2389.0,330.0
226,NBSY-0218SD,35,25114,0.0,330.0,795.5,385.0
227,NBSY-0218SD,35,25414,0.0,715.0,1011.0,58.0
228,NBSY-0218SD,35,25711,1011.0,715.0,1414.0,58.0
229,NBSY-0218SD,35,25514,0.0,773.0,636.0,447.0
230,NBSY-0218SD,35,25490,636.0,773.0,636.0,447.0
231,NBSY-0218SD,36,25813,0.0,0.0,2298.0,359.0
232,NBSY-0218SD,36,25315,0.0,359.0,556.0,418.0
233,NBSY-0218SD,36,25352,556.0,359.0,770.0,418.0
234,NBSY-0218SD,36,25521,1326.0,359.0,770.0,418.0
235,NBSY-0218SD,36,25780,0.0,777.0,1198.0,248.0
236,NBSY-0218SD,36,25365,1198.0,777.0,1198.0,248.0
237,NBSY-0218SD,36,25339,0.0,1025.0,461.0,132.5
238,NBSY-0218SD,36,25166,461.0,1025.0,817.0,132.5
239,NBSY-0218SD,36,25379,1278.0,1025.0,609.0,132.5
240,NBSY-0218SD,36,25570,1887.0,1025.0,505.0,132.5
241,NBSY-0218SD,36,25800,0.0,1157.5,367.0,58.0
242,NBSY-0218SD,36,25534,367.0,1157.5,1967.0,58.0
243,NBSY-0218SD,37,25494,0.0,0.0,2377.0,415.0
244,NBSY-0218SD,37,25684,0.0,415.0,347.0,301.0
245,NBSY-0218SD,37,25343,0.0,716.0,2084.0,501.0
246,NBSY-0218SD,38,25875,0.0,0.0,2301.0,838.0
247,NBSY-0218SD,38,25403,0.0,838.0,968.0,58.0
248,NBSY-0218SD,38,25098,968.0,838.0,1472.0,58.0
249,NBSY-0218SD,38,25600,0.0,896.0,347.0,322.0
250,NBSY-0218SD,38,25350,347.0,896.0,349.0,322.0
251,NBSY-0218SD,39,25212,0.0,0.0,2377.0,415.0
252,NBSY-0218SD,39,25541,0.0,415.0,439.0,414.0
253,NBSY-0218SD,39,25560,439.0,415.0,349.0,414.0
254,NBSY-0218SD,39,25421,0.0,829.0,634.0,378.0
255,NBSY-0218SD,39,25924,634.0,829.0,634.0,378.0
256,NBSY-0218SD,39,25535,1268.0,829.0,574.0,378.0
257,NBSY-0218SD,39,25767,1842.0,829.0,574.0,378.0
258,NBSY-0218SD,40,25292,0.0,0.0,2425.0,568.0
259,NBSY-0218SD,40,25791,0.0,568.0,772.0,297.0
260,NBSY-0218SD,40,25413,772.0,568.0,794.0,297.0
261,NBSY-0218SD,40,25852,1566.0,568.0,772.0,297.0
262,NBSY-0218SD,40,25685,2338.0,568.0,78.0,297.0
263,NBSY-0218SD,40,25792,0.0,865.0,815.5,351.5
264,NBSY-0218SD,41,25651,0.0,0.0,2201.0,201.0
265,NBSY-0218SD,41,25487,0.0,201.0,662.0,558.0
266,NBSY-0218SD,41,25383,662.0,201.0,900.0,558.0
267,NBSY-0218SD,41,25170,1562.0,201.0,822.0,558.0
268,NBSY-0218SD,41,25451,0.0,759.0,2098.0,380.0
269,NBSY-0218SD,41,25577,2098.0,759.0,300.0,380.0
270,NBSY-0218SD,41,25195,2398.0,759.0,38.0,380.0
271,NBSY-0218SD,41,25563,0.0,1139.0,288.0,78.0
272,NBSY-0218SD,41,25197,288.0,1139.0,562.0,78.0
273,NBSY-0218SD,41,25117,850.0,1139.0,488.0,78.0
274,NBSY-0218SD,41,25340,1338.0,1139.0,488.0,78.0
275,NBSY-0218SD,41,25905,1826.0,1139.0,488.0,78.0
276,NBSY-0218SD,42,25423,0.0,0.0,2420.0,38.0
277,NBSY-0218SD,42,25821,0.0,38.0,2339.0,440.0
278,NBSY-0218SD,42,25324,0.0,478.0,562.0,427.0
279,NBSY-0218SD,42,25430,562.0,478.0,562.0,427.0
280,NBSY-0218SD,42,25155,1124.0,478.0,538.0,427.0
281,NBSY-0218SD,42,25707,1662.0,478.0,538.0,427.0
282,NBSY-0218SD,42,25489,0.0,905.0,356.0,312.0
283,NBSY-0218SD,42,25737,356.0,905.0,1089.0,312.0
284,NBSY-0218SD,43,25845,0.0,0.0,2361.0,470.0
285,NBSY-0218SD,43,25850,0.0,470.0,815.0,419.0
286,NBSY-0218SD,43,25778,0.0,889.0,774.0,330.5
287,NBSY-0218SD,44,25185,0.0,0.0,2252.0,390.0
288,NBSY-0218SD,44,25093,0.0,390.0,2301.0,400.0
289,NBSY-0218SD,44,25122,2301.0,390.0,58.0,400.0
290,NBSY-0218SD,44,25147,2359.0,390.0,58.0,400.0
291,NBSY-0218SD,44,25928,0.0,790.0,912.0,258.0
292,NBSY-0218SD,44,25908,912.0,790.0,883.0,258.0
293,NBSY-0218SD,44,25903,1795.0,790.0,515.0,258.0
294,NBSY-0218SD,44,25335,0.0,1048.0,377.0,162.0
295,NBSY-0218SD,44,25151,377.0,1048.0,377.0,162.0
296,NBSY-0218SD,45,25683,0.0,0.0,2301.0,856.0
297,NBSY-0218SD,45,25773,0.0,856.0,732.0,323.5
298,NBSY-0218SD,45,25509,732.0,856.0,312.0,323.5
299,NBSY-0218SD,45,25838,0.0,1179.5,313.0,38.0
300,NBSY-0218SD,45,25298,313.0,1179.5,2098.0,38.0
301,NBSY-0218SD,46,25889,0.0,0.0,2148.0,398.0
302,NBSY-0218SD,46,25462,0.0,398.0,1040.0,252.0
303,NBSY-0218SD,46,25871,0.0,650.0,898.0,377.0
304,NBSY-0218SD,46,25327,0.0,1027.0,710.5,182.5
305,NBSY-0218SD,46,25376,2148.0,0.0,288.0,198.0
306,NBSY-0218SD,46,25657,2148.0,198.0,286.0,277.0
307,NBSY-0218SD,46,25562,2148.0,475.0,286.0,277.0
308,NBSY-0218SD,46,25237,2148.0,752.0,276.0,267.0
309,NBSY-0218SD,46,25894,2148.0,1019.0,288.0,198.0
310,NBSY-0218SD,47,25609,0.0,0.0,2148.0,578.0
311,NBSY-0218SD,47,25255,0.0,578.0,838.0,379.0
312,NBSY-0218SD,47,25501,838.0,578.0,732.0,379.0
313,NBSY-0218SD,47,25702,1570.0,578.0,456.0,379.0
314,NBSY-0218SD,47,25549,0.0,957.0,277.5,261.0
315,NBSY-0218SD,47,25575,277.5,957.0,1622.0,261.0
316,NBSY-0218SD,48,25254,0.0,0.0,2146.0,763.0
317,NBSY-0218SD,48,25318,0.0,763.0,792.0,58.0
318,NBSY-0218SD,48,25261,792.0,763.0,1343.0,58.0
319,NBSY-0218SD,48,25887,0.0,821.0,576.0,399.0
320,NBSY-0218SD,49,25192,0.0,0.0,2098.0,558.0
321,NBSY-0218SD,49,25387,0.0,558.0,2098.0,558.0
322,NBSY-0218SD,49,25607,0.0,1116.0,479.0,99.5
323,NBSY-0218SD,49,25479,479.0,1116.0,479.0,99.5
324,NBSY-0218SD,49,25194,2098.0,0.0,330.0,298.0
325,NBSY-0218SD,49,25649,2098.0,298.0,298.0,298.0
326,NBSY-0218SD,49,25397,2098.0,596.0,298.0,298.0
327,NBSY-0218SD,49,25388,2098.0,894.0,298.0,278.0
328,NBSY-0218SD,49,25906,2098.0,1172.0,195.0,48.0
329,NBSY-0218SD,50,25402,0.0,0.0,2084.0,408.8
330,NBSY-0218SD,50,25782,0.0,408.8,338.0,158.0
331,NBSY-0218SD,50,25096,338.0,408.8,488.0,158.0
332,NBSY-0218SD,50,25141,826.0,408.8,488.0,158.0
333,NBSY-0218SD,50,25184,1314.0,408.8,488.0,158.0
334,NBSY-0218SD,50,25754,0.0,566.8,1135.0,377.0
335,NBSY-0218SD,50,25755,1135.0,566.8,930.0,377.0
336,NBSY-0218SD,50,25704,0.0,943.8,339.0,276.0
337,NBSY-0218SD,50,25152,2084.0,0.0,345.0,319.0
338,NBSY-0218SD,50,25668,2084.0,319.0,339.5,325.5
339,NBSY-0218SD,50,25531,2084.0,644.5,344.0,300.0
340,NBSY-0218SD,50,25822,2084.0,944.5,320.0,270.0
341,NBSY-0218SD,51,25366,0.0,0.0,2084.0,425.0
342,NBSY-0218SD,51,25919,0.0,425.0,1522.0,727.0
343,NBSY-0218SD,51,25522,1522.0,425.0,58.0,727.0
344,NBSY-0218SD,51,25542,0.0,1152.0,397.0,58.0
345,NBSY-0218SD,51,25789,397.0,1152.0,1639.0,58.0
346,NBSY-0218SD,51,25268,2084.0,0.0,344.0,299.5
347,NBSY-0218SD,52,25142,0.0,0.0,2084.0,450.0
348,NBSY-0218SD,52,25149,0.0,450.0,2053.0,758.0
349,NBSY-0218SD,52,25786,2084.0,0.0,343.0,278.0
350,NBSY-0218SD,52,25729,2084.0,278.0,338.0,158.0
351,NBSY-0218SD,52,25138,2084.0,436.0,305.0,132.5
352,NBSY-0218SD,52,25869,2084.0,568.5,318.0,132.5
353,NBSY-0218SD,52,25556,2084.0,701.0,288.0,118.0
354,NBSY-0218SD,52,25375,2084.0,819.0,288.0,118.0
355,NBSY-0218SD,52,25459,2084.0,937.0,338.0,118.0
356,NBSY-0218SD,53,25695,0.0,0.0,2084.0,413.0
357,NBSY-0218SD,53,25334,0.0,413.0,783.0,328.0
358,NBSY-0218SD,53,25191,783.0,413.0,782.0,328.0
359,NBSY-0218SD,53,25632,1565.0,413.0,401.0,328.0
360,NBSY-0218SD,53,25348,0.0,741.0,1816.0,479.0
361,NBSY-0218SD,54,25349,0.0,0.0,2053.0,557.0
362,NBSY-0218SD,54,25591,0.0,557.0,658.0,338.0
363,NBSY-0218SD,54,25136,658.0,557.0,766.0,338.0
364,NBSY-0218SD,54,25911,0.0,895.0,633.0,325.0
365,NBSY-0218SD,54,25637,2053.0,0.0,384.0,371.0
366,NBSY-0218SD,54,25331,2053.0,371.0,377.0,376.0
367,NBSY-0218SD,54,25211,2053.0,747.0,379.0,376.0
368,NBSY-0218SD,54,25826,2053.0,1123.0,303.0,92.5
369,NBSY-0218SD,55,25927,0.0,0.0,2051.0,672.0
370,NBSY-0218SD,55,25107,0.0,672.0,930.0,471.5
371,NBSY-0218SD,55,25825,0.0,1143.5,1760.0,65.0
372,NBSY-0218SD,55,25525,2051.0,0.0,388.0,158.0
373,NBSY-0218SD,55,25189,2051.0,158.0,379.0,376.0
374,NBSY-0218SD,55,25847,2051.0,534.0,380.0,358.0
375,NBSY-0218SD,55,25714,2051.0,892.0,370.0,328.0
376,NBSY-0218SD,56,25815,0.0,0.0,2021.5,392.0
377,NBSY-0218SD,56,25544,0.0,392.0,1371.0,812.0
378,NBSY-0218SD,56,25644,1371.0,392.0,557.0,812.0
379,NBSY-0218SD,56,25631,2021.5,0.0,400.0,358.0
380,NBSY-0218SD,56,25456,2021.5,358.0,344.0,300.0
381,NBSY-0218SD,56,25302,2021.5,658.0,344.0,300.0
382,NBSY-0218SD,56,25812,2021.5,958.0,368.2,52.5
383,NBSY-0218SD,57,25342,0.0,0.0,2018.0,546.0
384,NBSY-0218SD,57,25801,0.0,546.0,730.0,497.0
385,NBSY-0218SD,57,25358,730.0,546.0,730.0,497.0
386,NBSY-0218SD,57,25177,0.0,1043.0,692.0,177.0
387,NBSY-0218SD,57,25446,692.0,1043.0,1063.0,177.0
388,NBSY-0218SD,57,25914,2018.0,0.0,358.0,330.0
389,NBSY-0218SD,57,25103,2018.0,330.0,351.0,347.0
390,NBSY-0218SD,57,25210,2018.0,677.0,356.0,337.0
391,NBSY-0218SD,57,25182,2018.0,1014.0,353.0,200.0
392,NBSY-0218SD,58,25552,0.0,0.0,2003.0,953.0
393,NBSY-0218SD,58,25492,0.0,953.0,310.0,261.0
394,NBSY-0218SD,58,25537,310.0,953.0,562.0,261.0
395,NBSY-0218SD,58,25679,2003.0,0.0,430.0,339.0
396,NBSY-0218SD,58,25236,2003.0,339.0,343.0,278.0
397,NBSY-0218SD,58,25643,2003.0,617.0,391.0,364.5
398,NBSY-0218SD,58,25434,2003.0,981.5,408.0,214.0
399,NBSY-0218SD,59,25555,0.0,0.0,2001.0,459.0
400,NBSY-0218SD,59,25346,0.0,459.0,655.0,410.0
401,NBSY-0218SD,59,25463,0.0,869.0,792.0,329.0
402,NBSY-0218SD,59,25154,792.0,869.0,792.0,329.0
403,NBSY-0218SD,60,25833,0.0,0.0,2001.0,950.0
404,NBSY-0218SD,60,25229,0.0,950.0,305.0,269.0
405,NBSY-0218SD,60,25293,305.0,950.0,408.0,269.0
406,NBSY-0218SD,60,25240,713.0,950.0,347.0,269.0
407,NBSY-0218SD,60,25551,1060.0,950.0,347.0,269.0
408,NBSY-0218SD,61,25406,0.0,0.0,1998.0,530.0
409,NBSY-0218SD,61,25640,0.0,530.0,1368.0,648.0
410,NBSY-0218SD,61,25440,0.0,1178.0,318.0,38.0
411,NBSY-0218SD,61,25912,318.0,1178.0,1468.0,38.0
412,NBSY-0218SD,62,25568,0.0,0.0,1961.0,762.0
413,NBSY-0218SD,62,25738,0.0,762.0,912.0,457.0
414,NBSY-0218SD,62,25604,912.0,762.0,362.0,457.0
415,NBSY-0218SD,62,25629,1274.0,762.0,118.0,457.0
416,NBSY-0218SD,62,25260,1961.0,0.0,464.0,92.5
417,NBSY-0218SD,62,25450,1961.0,92.5,462.0,389.0
418,NBSY-0218SD,62,25630,1961.0,481.5,400.0,377.0
419,NBSY-0218SD,62,25730,1961.0,858.5,380.0,358.0
420,NBSY-0218SD,63,25742,0.0,0.0,1848.5,697.0
421,NBSY-0218SD,63,25728,0.0,697.0,1738.0,58.0
422,NBSY-0218SD,63,25454,0.0,755.0,398.0,373.0
423,NBSY-0218SD,63,25217,0.0,1128.0,446.0,83.0
424,NBSY-0218SD,63,25824,446.0,1128.0,455.0,83.0
425,NBSY-0218SD,63,25281,1848.5,0.0,579.0,347.0
426,NBSY-0218SD,63,25353,1848.5,347.0,577.0,515.0
427,NBSY-0218SD,63,25872,1848.5,862.0,380.0,358.0
428,NBSY-0218SD,64,25884,0.0,0.0,1828.0,280.0
429,NBSY-0218SD,64,25817,0.0,280.0,607.0,389.0
430,NBSY-0218SD,64,25271,0.0,669.0,831.0,530.0
431,NBSY-0218SD,64,25474,1828.0,0.0,606.0,439.0
432,NBSY-0218SD,64,25803,1828.0,439.0,598.0,580.0
433,NBSY-0218SD,64,25295,1828.0,1019.0,372.0,201.0
434,NBSY-0218SD,65,25618,0.0,0.0,1822.0,350.0
435,NBSY-0218SD,65,25175,0.0,350.0,851.5,474.0
436,NBSY-0218SD,65,25370,851.5,350.0,48.0,474.0
437,NBSY-0218SD,65,25839,0.0,824.0,1198.0,280.0
438,NBSY-0218SD,65,25311,0.0,1104.0,599.0,115.0
439,NBSY-0218SD,65,25336,1822.0,0.0,594.5,175.5
440,NBSY-0218SD,65,25371,1822.0,175.5,580.5,289.0
441,NBSY-0218SD,66,25764,0.0,0.0,1783.0,298.0
442,NBSY-0218SD,66,25862,0.0,298.0,885.0,557.0
443,NBSY-0218SD,66,25828,0.0,855.0,1148.0,350.0
444,NBSY-0218SD,66,25561,1148.0,855.0,128.0,350.0
445,NBSY-0218SD,66,25548,1783.0,0.0,640.5,408.0
446,NBSY-0218SD,66,25587,1783.0,408.0,578.0,468.0
447,NBSY-0218SD,66,25109,1783.0,876.0,372.0,339.0
448,NBSY-0218SD,67,25655,0.0,0.0,1781.0,298.0
449,NBSY-0218SD,67,25798,0.0,298.0,931.0,403.5
450,NBSY-0218SD,67,25500,0.0,701.5,1447.5,310.0
451,NBSY-0218SD,67,25100,0.0,1011.5,716.0,198.0
452,NBSY-0218SD,67,25391,1781.0,0.0,592.5,289.0
453,NBSY-0218SD,67,25442,1781.0,289.0,422.0,339.0
454,NBSY-0218SD,67,25200,1781.0,628.0,439.0,316.0
455,NBSY-0218SD,67,25654,1781.0,944.0,560.0,213.5
456,NBSY-0218SD,67,25846,1781.0,1157.5,422.0,52.5
457,NBSY-0218SD,68,25493,0.0,0.0,1736.0,58.0
458,NBSY-0218SD,68,25205,0.0,58.0,574.0,378.0
459,NBSY-0218SD,68,25416,574.0,58.0,634.0,378.0
460,NBSY-0218SD,68,25670,1208.0,58.0,373.0,378.0
461,NBSY-0218SD,68,25620,1581.0,58.0,38.0,378.0
462,NBSY-0218SD,68,25259,0.0,436.0,1196.8,448.0
463,NBSY-0218SD,68,25781,1196.8,436.0,118.0,448.0
464,NBSY-0218SD,68,25249,1314.8,436.0,78.0,448.0
465,NBSY-0218SD,68,25364,1392.8,436.0,78.0,448.0
466,NBSY-0218SD,68,25756,0.0,884.0,815.5,336.0
467,NBSY-0218SD,68,25758,1736.0,0.0,699.0,388.0
468,NBSY-0218SD,68,25589,1736.0,388.0,565.5,548.5
469,NBSY-0218SD,68,25865,1736.0,936.5,456.0,279.0
470,NBSY-0218SD,69,25558,0.0,0.0,1616.5,962.0
471,NBSY-0218SD,69,25611,0.0,962.0,459.0,258.0
472,NBSY-0218SD,69,25168,1616.5,0.0,815.0,418.5
473,NBSY-0218SD,69,25144,1616.5,418.5,710.0,397.0
474,NBSY-0218SD,69,25636,1616.5,815.5,688.0,401.0
475,NBSY-0218SD,70,25842,0.0,0.0,1603.0,404.3
476,NBSY-0218SD,70,25137,0.0,404.3,1562.0,580.0
477,NBSY-0218SD,70,25840,0.0,984.3,279.5,229.0
478,NBSY-0218SD,70,25118,279.5,984.3,452.0,229.0
479,NBSY-0218SD,70,25111,731.5,984.3,279.5,229.0
480,NBSY-0218SD,70,25595,1011.0,984.3,279.5,229.0
481,NBSY-0218SD,70,25095,1603.0,0.0,811.0,535.0
482,NBSY-0218SD,70,25816,1603.0,535.0,741.0,633.0
483,NBSY-0218SD,70,25227,1603.0,1168.0,253.0,48.0
484,NBSY-0218SD,70,25807,1856.0,1168.0,494.0,48.0
485,NBSY-0218SD,71,25225,0.0,0.0,1597.0,55.0
486,NBSY-0218SD,71,25269,0.0,55.0,1132.0,347.0
487,NBSY-0218SD,71,25460,0.0,402.0,811.0,58.0
488,NBSY-0218SD,71,25601,0.0,460.0,693.0,299.0
489,NBSY-0218SD,71,25393,0.0,759.0,537.0,289.0
490,NBSY-0218SD,71,25538,537.0,759.0,605.5,289.0
491,NBSY-0218SD,71,25811,0.0,1048.0,811.0,58.0
492,NBSY-0218SD,71,25248,0.0,1106.0,872.0,58.0
493,NBSY-0218SD,71,25574,1597.0,0.0,838.0,346.5
494,NBSY-0218SD,71,25588,1597.0,346.5,597.0,360.0
495,NBSY-0218SD,71,25453,1597.0,706.5,461.0,237.0
496,NBSY-0218SD,71,25837,1597.0,943.5,636.5,216.5
497,NBSY-0218SD,71,25594,1597.0,1160.0,759.0,58.0
498,NBSY-0218SD,72,25689,0.0,0.0,1552.0,737.0
499,NBSY-0218SD,72,25368,0.0,737.0,751.0,482.0
500,NBSY-0218SD,72,25921,751.0,737.0,465.0,482.0
501,NBSY-0218SD,72,25593,1552.0,0.0,885.0,555.0
502,NBSY-0218SD,72,25420,1552.0,555.0,644.0,409.0
503,NBSY-0218SD,72,25407,1552.0,964.0,580.0,254.5
504,NBSY-0218SD,73,25251,0.0,0.0,1525.5,360.0
505,NBSY-0218SD,73,25274,0.0,360.0,1198.0,348.0
506,NBSY-0218SD,73,25904,0.0,708.0,778.0,373.5
507,NBSY-0218SD,73,25526,0.0,1081.5,461.0,132.5
508,NBSY-0218SD,73,25458,461.0,1081.5,470.0,132.5
509,NBSY-0218SD,73,25546,1525.5,0.0,900.0,287.5
510,NBSY-0218SD,73,25508,1525.5,287.5,815.0,418.5
511,NBSY-0218SD,73,25164,1525.5,706.0,876.0,58.0
512,NBSY-0218SD,73,25351,1525.5,764.0,537.0,289.0
513,NBSY-0218SD,73,25097,1525.5,1053.0,444.5,128.0
514,NBSY-0218SD,73,25424,1525.5,1181.0,527.0,38.0
515,NBSY-0218SD,74,25861,0.0,0.0,1514.5,447.5
516,NBSY-0218SD,74,25696,0.0,447.5,762.0,516.5
517,NBSY-0218SD,74,25201,0.0,964.0,442.0,255.0
518,NBSY-0218SD,74,25565,1514.5,0.0,924.0,225.5
519,NBSY-0218SD,74,25190,1514.5,225.5,547.0,432.0
520,NBSY-0218SD,74,25399,1514.5,657.5,880.0,558.0
521,NBSY-0218SD,75,25325,0.0,0.0,1498.0,598.0
522,NBSY-0218SD,75,25690,0.0,598.0,662.0,587.0
523,NBSY-0218SD,75,25247,662.0,598.0,662.0,587.0
524,NBSY-0218SD,75,25282,1498.0,0.0,936.0,538.0
525,NBSY-0218SD,75,25699,1498.0,538.0,910.0,239.0
526,NBSY-0218SD,75,25547,1498.0,777.0,730.5,443.0
527,NBSY-0218SD,75,25627,2228.5,777.0,58.0,443.0
528,NBSY-0218SD,76,25464,0.0,0.0,1478.0,478.0
529,NBSY-0218SD,76,25267,0.0,478.0,732.0,359.0
530,NBSY-0218SD,76,25757,0.0,837.0,638.0,320.0
531,NBSY-0218SD,76,25258,638.0,837.0,638.0,320.0
532,NBSY-0218SD,76,25745,0.0,1157.0,371.0,58.0
533,NBSY-0218SD,76,25532,371.0,1157.0,1063.0,58.0
534,NBSY-0218SD,76,25428,1478.0,0.0,962.0,342.5
535,NBSY-0218SD,76,25323,1478.0,342.5,762.0,58.0
536,NBSY-0218SD,76,25091,1478.0,400.5,921.0,567.0
537,NBSY-0218SD,76,25727,1478.0,967.5,264.0,252.0
538,NBSY-0218SD,77,25736,0.0,0.0,1467.0,1090.0
539,NBSY-0218SD,77,25721,0.0,1090.0,332.0,128.5
540,NBSY-0218SD,77,25112,1467.0,0.0,966.0,721.0
541,NBSY-0218SD,77,25181,1467.0,721.0,613.0,499.0
542,NBSY-0218SD,78,25241,0.0,0.0,1447.5,310.0
543,NBSY-0218SD,78,25907,0.0,310.0,1439.5,395.0
544,NBSY-0218SD,78,25854,0.0,705.0,901.5,374.0
545,NBSY-0218SD,78,25672,0.0,1079.0,1098.0,38.0
546,NBSY-0218SD,78,25613,0.0,1117.0,694.0,58.0
547,NBSY-0218SD,78,25520,694.0,1117.0,750.0,58.0
548,NBSY-0218SD,78,25468,0.0,1175.0,638.0,38.0
549,NBSY-0218SD,78,25731,638.0,1175.0,761.0,38.0
550,NBSY-0218SD,78,25536,1447.5,0.0,991.0,58.0
551,NBSY-0218SD,78,25691,1447.5,58.0,922.0,878.0
552,NBSY-0218SD,78,25296,1447.5,936.0,553.0,280.5
553,NBSY-0218SD,79,25344,0.0,0.0,1443.5,475.0
554,NBSY-0218SD,79,25765,0.0,475.0,565.0,439.5
555,NBSY-0218SD,79,25766,565.0,475.0,58.0,439.5
556,NBSY-0218SD,79,25713,0.0,914.5,819.5,302.5
557,NBSY-0218SD,79,25378,1443.5,0.0,975.0,574.0
558,NBSY-0218SD,79,25818,1443.5,574.0,831.0,580.0
559,NBSY-0218SD,79,25747,1443.5,1154.0,302.0,58.0
560,NBSY-0218SD,79,25304,1745.5,1154.0,660.0,58.0
561,NBSY-0218SD,80,25831,0.0,0.0,1443.5,505.0
562,NBSY-0218SD,80,25900,0.0,505.0,1256.0,568.0
563,NBSY-0218SD,80,25830,0.0,1073.0,478.0,133.0
564,NBSY-0218SD,80,25110,478.0,1073.0,558.0,133.0
565,NBSY-0218SD,80,25680,1443.5,0.0,974.0,557.0
566,NBSY-0218SD,80,25849,1443.5,557.0,794.0,659.0
567,NBSY-0218SD,80,25918,2237.5,557.0,132.5,659.0
568,NBSY-0218SD,81,25373,0.0,0.0,1439.5,395.0
569,NBSY-0218SD,81,25452,0.0,395.0,1196.8,329.0
570,NBSY-0218SD,81,25899,1196.8,395.0,188.0,329.0
571,NBSY-0218SD,81,25418,0.0,724.0,732.0,374.0
572,NBSY-0218SD,81,25224,0.0,1098.0,617.0,121.5
573,NBSY-0218SD,81,25263,1439.5,0.0,947.0,557.0
574,NBSY-0218SD,81,25158,1439.5,557.0,550.0,458.5
575,NBSY-0218SD,81,25799,1439.5,1015.5,348.0,198.0
576,NBSY-0218SD,81,25401,1787.5,1015.5,488.0,198.0
577,NBSY-0218SD,82,25377,0.0,0.0,1430.0,623.0
578,NBSY-0218SD,82,25422,0.0,623.0,811.0,595.0
579,NBSY-0218SD,82,25886,811.0,623.0,400.0,595.0
580,NBSY-0218SD,82,25448,1211.0,623.0,38.0,595.0
581,NBSY-0218SD,82,25827,1249.0,623.0,38.0,595.0
582,NBSY-0218SD,82,25584,1430.0,0.0,1010.0,58.0
583,NBSY-0218SD,82,25412,1430.0,58.0,440.0,172.5
584,NBSY-0218SD,82,25294,1430.0,230.5,408.0,212.5
585,NBSY-0218SD,82,25153,1838.0,230.5,473.0,212.5
586,NBSY-0218SD,82,25362,1430.0,443.0,402.0,347.0
587,NBSY-0218SD,82,25512,1430.0,790.0,601.0,345.0
588,NBSY-0218SD,82,25172,1430.0,1135.0,770.0,58.0
589,NBSY-0218SD,83,25511,0.0,0.0,1429.5,319.0
590,NBSY-0218SD,83,25853,0.0,319.0,759.0,577.0
591,NBSY-0218SD,83,25230,759.0,319.0,448.0,577.0
592,NBSY-0218SD,83,25898,1207.0,319.0,48.0,577.0
593,NBSY-0218SD,83,25415,0.0,896.0,638.0,320.0
594,NBSY-0218SD,83,25582,1429.5,0.0,1010.0,38.0
595,NBSY-0218SD,83,25180,1429.5,38.0,880.0,438.0
596,NBSY-0218SD,83,25204,2309.5,38.0,118.0,438.0
597,NBSY-0218SD,83,25127,1429.5,476.0,677.0,426.5
598,NBSY-0218SD,83,25797,1429.5,902.5,811.0,307.0
599,NBSY-0218SD,84,25338,0.0,0.0,1428.0,432.0
600,NBSY-0218SD,84,25382,0.0,432.0,900.0,553.0
601,NBSY-0218SD,84,25417,900.0,432.0,440.0,553.0
602,NBSY-0218SD,84,25804,0.0,985.0,962.0,228.0
603,NBSY-0218SD,84,25682,1428.0,0.0,932.0,527.0
604,NBSY-0218SD,84,25524,1428.0,527.0,723.0,351.0
605,NBSY-0218SD,84,25920,1428.0,878.0,749.0,342.0
606,NBSY-0218SD,85,25470,0.0,0.0,1418.5,380.0
607,NBSY-0218SD,85,25893,0.0,380.0,551.0,194.0
608,NBSY-0218SD,85,25923,0.0,574.0,939.0,553.0
609,NBSY-0218SD,85,25676,0.0,1127.0,460.0,58.0
610,NBSY-0218SD,85,25115,460.0,1127.0,950.0,58.0
611,NBSY-0218SD,85,25873,1418.5,0.0,885.0,58.0
612,NBSY-0218SD,85,25836,1418.5,58.0,696.0,348.0
613,NBSY-0218SD,85,25761,2114.5,58.0,158.0,348.0
614,NBSY-0218SD,85,25664,1418.5,406.0,830.0,240.0
615,NBSY-0218SD,85,25276,1418.5,646.0,851.0,559.0
616,NBSY-0218SD,86,25156,0.0,0.0,1410.5,330.0
617,NBSY-0218SD,86,25286,0.0,330.0,906.0,689.0
618,NBSY-0218SD,86,25550,906.0,330.0,297.0,689.0
619,NBSY-0218SD,86,25398,0.0,1019.0,822.0,200.0
620,NBSY-0218SD,86,25226,1410.5,0.0,872.0,459.5
621,NBSY-0218SD,86,25700,1410.5,459.5,759.0,579.0
622,NBSY-0218SD,86,25650,1410.5,1038.5,425.0,181.0
623,NBSY-0218SD,87,25123,0.0,0.0,1391.5,885.0
624,NBSY-0218SD,87,25203,0.0,885.0,481.0,330.0
625,NBSY-0218SD,87,25290,481.0,885.0,659.0,330.0
626,NBSY-0218SD,87,25333,1391.5,0.0,1044.0,178.0
627,NBSY-0218SD,87,25483,1391.5,178.0,655.0,410.0
628,NBSY-0218SD,87,25808,2046.5,178.0,294.0,410.0
629,NBSY-0218SD,87,25178,1391.5,588.0,662.0,579.0
630,NBSY-0218SD,87,25160,2053.5,588.0,360.0,579.0
631,NBSY-0218SD,87,25533,1391.5,1167.0,697.0,53.0
632,NBSY-0218SD,88,25675,0.0,0.0,1357.0,58.0
633,NBSY-0218SD,88,25932,0.0,58.0,871.0,510.0
634,NBSY-0218SD,88,25896,0.0,568.0,693.0,358.0
635,NBSY-0218SD,88,25715,0.0,926.0,522.0,223.0
636,NBSY-0218SD,88,25639,0.0,1149.0,584.5,58.0
637,NBSY-0218SD,88,25108,584.5,1149.0,770.0,58.0
638,NBSY-0218SD,88,25793,1357.0,0.0,1063.0,377.0
639,NBSY-0218SD,88,25659,1357.0,377.0,491.0,438.0
640,NBSY-0218SD,88,25133,1848.0,377.0,158.0,438.0
641,NBSY-0218SD,88,25222,2006.0,377.0,158.0,438.0
642,NBSY-0218SD,88,25925,2164.0,377.0,158.0,438.0
643,NBSY-0218SD,88,25867,1357.0,815.0,931.0,403.5
644,NBSY-0218SD,89,25642,0.0,0.0,1343.0,58.0
645,NBSY-0218SD,89,25698,0.0,58.0,966.0,851.5
646,NBSY-0218SD,89,25579,0.0,909.5,378.5,310.0
647,NBSY-0218SD,89,25246,378.5,909.5,379.3,310.0
648,NBSY-0218SD,89,25345,757.8,909.5,187.0,310.0
649,NBSY-0218SD,89,25559,944.8,909.5,58.0,310.0
650,NBSY-0218SD,89,25768,1343.0,0.0,1043.0,177.5
651,NBSY-0218SD,89,25622,1343.0,177.5,885.0,746.0
652,NBSY-0218SD,89,25641,1343.0,923.5,777.0,295.0
653,NBSY-0218SD,90,25244,0.0,0.0,1316.5,512.0
654,NBSY-0218SD,90,25221,0.0,512.0,1210.0,626.5
655,NBSY-0218SD,90,25284,0.0,1138.5,288.0,78.0
656,NBSY-0218SD,90,25314,288.0,1138.5,438.0,78.0
657,NBSY-0218SD,90,25405,726.0,1138.5,438.0,78.0
658,NBSY-0218SD,90,25472,1316.5,0.0,1120.0,797.2
659,NBSY-0218SD,90,25888,1316.5,797.2,926.0,420.0
660,NBSY-0218SD,91,25516,0.0,0.0,1243.0,348.0
661,NBSY-0218SD,91,25498,0.0,348.0,471.0,339.0
662,NBSY-0218SD,91,25848,471.0,348.0,514.5,339.0
663,NBSY-0218SD,91,25198,0.0,687.0,930.0,341.0
664,NBSY-0218SD,91,25235,0.0,1028.0,719.0,178.0
665,NBSY-0218SD,91,25231,1243.0,0.0,1135.0,377.0
666,NBSY-0218SD,91,25300,1243.0,377.0,811.0,516.0
667,NBSY-0218SD,91,25505,1243.0,893.0,392.0,327.0
668,NBSY-0218SD,91,25288,1635.0,893.0,675.0,327.0
669,NBSY-0218SD,92,25381,0.0,0.0,1243.0,348.0
670,NBSY-0218SD,92,25223,0.0,348.0,865.0,498.0
671,NBSY-0218SD,92,25369,865.0,348.0,238.0,498.0
672,NBSY-0218SD,92,25935,0.0,846.0,732.0,374.0
673,NBSY-0218SD,92,25299,1243.0,0.0,1112.0,559.0
674,NBSY-0218SD,92,25163,1243.0,559.0,762.0,579.0
675,NBSY-0218SD,92,25499,1243.0,1138.0,298.0,78.0
676,NBSY-0218SD,92,25439,1541.0,1138.0,438.0,78.0
677,NBSY-0218SD,92,25329,1979.0,1138.0,338.0,78.0
678,NBSY-0218SD,93,25602,0.0,0.0,1222.0,337.0
679,NBSY-0218SD,93,25662,0.0,337.0,763.0,518.0
680,NBSY-0218SD,93,25143,0.0,855.0,627.0,362.0
681,NBSY-0218SD,93,25171,1222.0,0.0,1210.0,148.0
682,NBSY-0218SD,93,25769,1222.0,148.0,545.0,408.5
683,NBSY-0218SD,93,25718,1222.0,556.5,973.0,578.0
684,NBSY-0218SD,93,25606,2195.0,556.5,118.0,578.0
685,NBSY-0218SD,93,25396,1222.0,1134.5,338.0,78.0
686,NBSY-0218SD,93,25621,1560.0,1134.5,438.0,78.0
687,NBSY-0218SD,93,25099,1998.0,1134.5,388.0,78.0
688,NBSY-0218SD,94,25196,0.0,0.0,1112.0,557.0
689,NBSY-0218SD,94,25506,0.0,557.0,946.0,482.0
690,NBSY-0218SD,94,25517,0.0,1039.0,378.0,180.0
691,NBSY-0218SD,94,25647,1112.0,0.0,1098.0,380.0
692,NBSY-0218SD,94,25722,1112.0,380.0,874.0,774.5
693,NBSY-0218SD,94,25934,1112.0,1154.5,188.0,58.0
694,NBSY-0218SD,94,25199,1300.0,1154.5,892.0,58.0
695,NBSY-0218SD,95,25901,0.0,0.0,866.0,329.0
696,NBSY-0218SD,95,25431,0.0,329.0,753.0,348.0
697,NBSY-0218SD,95,25285,753.0,329.0,78.0,348.0
698,NBSY-0218SD,95,25701,0.0,677.0,851.0,538.0
699,NBSY-0218SD,95,25530,866.0,0.0,853.0,575.0
700,NBSY-0218SD,95,25301,866.0,575.0,537.0,400.0
701,NBSY-0218SD,95,25796,1403.0,575.0,58.0,400.0
702,NBSY-0218SD,95,25819,866.0,975.0,712.7,242.0
703,NBSY-0218SD,95,25245,1719.0,0.0,697.0,386.0
704,NBSY-0218SD,95,25693,1719.0,386.0,577.0,435.0
705,NBSY-0218SD,95,25933,1719.0,821.0,681.0,377.0
706,NBSY-0218SD,96,25746,0.0,0.0,848.0,398.0
707,NBSY-0218SD,96,25823,0.0,398.0,598.0,580.0
708,NBSY-0218SD,96,25238,0.0,978.0,703.5,242.0
709,NBSY-0218SD,96,25157,848.0,0.0,844.0,489.0
710,NBSY-0218SD,96,25776,848.0,489.0,777.0,701.0
711,NBSY-0218SD,96,25497,1692.0,0.0,735.0,278.0
712,NBSY-0218SD,96,25628,1692.0,278.0,734.0,402.5
713,NBSY-0218SD,96,25528,1692.0,680.5,540.0,535.0
714,NBSY-0218SD,97,25902,0.0,0.0,801.0,289.0
715,NBSY-0218SD,97,25578,0.0,289.0,660.0,328.0
716,NBSY-0218SD,97,25186,0.0,617.0,636.5,216.5
717,NBSY-0218SD,97,25233,0.0,833.5,793.0,327.5
718,NBSY-0218SD,97,25277,801.0,0.0,792.0,329.0
719,NBSY-0218SD,97,25477,801.0,329.0,462.0,346.0
720,NBSY-0218SD,97,25634,801.0,675.0,413.0,52.5
721,NBSY-0218SD,97,25481,801.0,727.5,671.0,376.0
722,NBSY-0218SD,97,25709,801.0,1103.5,459.5,114.5
723,NBSY-0218SD,97,25347,1593.0,0.0,792.0,309.5
724,NBSY-0218SD,97,25444,1593.0,309.5,732.0,58.0
725,NBSY-0218SD,97,25703,1593.0,367.5,697.0,426.0
726,NBSY-0218SD,97,25592,1593.0,793.5,692.0,411.0
727,NBSY-0218SD,98,25113,0.0,0.0,792.0,357.0
728,NBSY-0218SD,98,25775,0.0,357.0,779.0,451.0
729,NBSY-0218SD,98,25581,0.0,808.0,613.0,412.0
730,NBSY-0218SD,98,25206,792.0,0.0,778.0,373.5
731,NBSY-0218SD,98,25449,792.0,373.5,548.0,431.0
732,NBSY-0218SD,98,25266,792.0,804.5,663.0,411.0
733,NBSY-0218SD,98,25518,1570.0,0.0,778.0,326.0
734,NBSY-0218SD,98,25725,1570.0,326.0,739.0,512.0
735,NBSY-0218SD,98,25665,1570.0,838.0,752.0,377.0
736,NBSY-0218SD,99,25188,0.0,0.0,778.0,510.0
737,NBSY-0218SD,99,25102,0.0,510.0,764.0,555.0
738,NBSY-0218SD,99,25752,0.0,1065.0,661.5,154.5
739,NBSY-0218SD,99,25159,778.0,0.0,770.0,328.0
740,NBSY-0218SD,99,25134,778.0,328.0,545.0,432.0
741,NBSY-0218SD,99,25748,1323.0,328.0,225.0,432.0
742,NBSY-0218SD,99,25666,778.0,760.0,538.0,459.0
743,NBSY-0218SD,99,25162,1548.0,0.0,766.0,468.0
744,NBSY-0218SD,99,25469,1548.0,468.0,745.0,625.0
745,NBSY-0218SD,99,25319,1548.0,1093.0,617.0,121.5
746,NBSY-0218SD,100,25443,0.0,0.0,750.0,557.0
747,NBSY-0218SD,100,25507,0.0,557.0,745.0,586.0
748,NBSY-0218SD,100,25425,0.0,1143.0,262.0,58.0
749,NBSY-0218SD,100,25735,262.0,1143.0,472.0,58.0
750,NBSY-0218SD,100,25437,750.0,0.0,734.0,418.5
751,NBSY-0218SD,100,25510,750.0,418.5,727.0,630.0
752,NBSY-0218SD,100,25777,750.0,1048.5,441.5,165.5
753,NBSY-0218SD,100,25740,1484.0,0.0,732.0,375.0
754,NBSY-0218SD,100,25384,1484.0,375.0,731.0,547.0
755,NBSY-0218SD,100,25667,1484.0,922.0,566.0,298.0
756,NBSY-0218SD,101,25287,0.0,0.0,732.0,360.0
757,NBSY-0218SD,101,25741,0.0,360.0,697.0,548.0
758,NBSY-0218SD,101,25623,0.0,908.0,376.0,309.5
759,NBSY-0218SD,101,25770,732.0,0.0,692.0,177.0
760,NBSY-0218SD,101,25363,732.0,177.0,570.0,507.0
761,NBSY-0218SD,101,25734,732.0,684.0,558.0,488.0
762,NBSY-0218SD,101,25877,732.0,1172.0,344.0,48.0
763,NBSY-0218SD,101,25671,1424.0,0.0,681.0,377.0
764,NBSY-0218SD,101,25855,1424.0,377.0,662.0,587.0
765,NBSY-0218SD,101,25502,1424.0,964.0,267.0,255.0
766,NBSY-0218SD,102,25167,0.0,0.0,677.0,426.5
767,NBSY-0218SD,102,25732,0.0,426.5,579.0,472.0
768,NBSY-0218SD,102,25885,0.0,898.5,638.0,320.0
769,NBSY-0218SD,102,25864,677.0,0.0,578.0,512.0
770,NBSY-0218SD,102,25215,677.0,512.0,558.0,553.0
771,NBSY-0218SD,102,25572,677.0,1065.0,327.0,154.5
772,NBSY-0218SD,102,25243,1255.0,0.0,572.0,108.0
773,NBSY-0218SD,102,25337,1255.0,108.0,558.0,488.0
774,NBSY-0218SD,102,25322,1255.0,596.0,534.0,465.0
775,NBSY-0218SD,102,25297,1255.0,1061.0,238.0,158.0
776,NBSY-0218SD,102,25697,1493.0,1061.0,288.0,158.0
777,NBSY-0218SD,102,25686,1827.0,0.0,564.0,114.5
778,NBSY-0218SD,102,25467,1827.0,114.5,489.0,372.0
779,NBSY-0218SD,102,25275,1827.0,486.5,489.0,372.0
780,NBSY-0218SD,102,25279,1827.0,858.5,547.0,351.0
781,NBSY-0218SD,103,25705,0.0,0.0,557.0,459.0
782,NBSY-0218SD,103,25913,0.0,459.0,553.0,440.0
783,NBSY-0218SD,103,25116,0.0,899.0,392.0,318.0
784,NBSY-0218SD,103,25832,392.0,899.0,132.5,318.0
785,NBSY-0218SD,103,25471,557.0,0.0,553.0,437.0
786,NBSY-0218SD,103,25214,557.0,437.0,481.0,446.0
787,NBSY-0218SD,103,25843,557.0,883.0,380.3,328.0
788,NBSY-0218SD,103,25289,1110.0,0.0,548.0,349.0
789,NBSY-0218SD,103,25743,1110.0,349.0,369.2,289.0
790,NBSY-0218SD,103,25465,1110.0,638.0,545.0,432.0
791,NBSY-0218SD,103,25892,1110.0,1070.0,413.0,132.5
792,NBSY-0218SD,103,25788,1658.0,0.0,546.0,370.0
793,NBSY-0218SD,103,25614,1658.0,370.0,442.0,439.0
794,NBSY-0218SD,103,25193,1658.0,809.0,527.0,401.0
795,NBSY-0218SD,104,25806,0.0,0.0,538.0,378.0
796,NBSY-0218SD,104,25663,0.0,378.0,528.0,380.0
797,NBSY-0218SD,104,25835,0.0,758.0,513.0,372.5
798,NBSY-0218SD,104,25219,0.0,1130.5,388.0,78.0
799,NBSY-0218SD,104,25106,538.0,0.0,533.5,394.0
800,NBSY-0218SD,104,25677,538.0,394.0,526.0,498.0
801,NBSY-0218SD,104,25882,538.0,892.0,370.0,328.0
802,NBSY-0218SD,104,25851,1071.5,0.0,522.0,220.0
803,NBSY-0218SD,104,25519,1071.5,220.0,466.0,387.0
804,NBSY-0218SD,104,25810,1071.5,607.0,435.5,376.0
805,NBSY-0218SD,104,25909,1071.5,983.0,461.0,237.0
806,NBSY-0218SD,104,25394,1593.5,0.0,519.5,358.0
807,NBSY-0218SD,104,25436,1593.5,358.0,489.0,474.0
808,NBSY-0218SD,104,25104,1593.5,832.0,439.0,387.0
809,NBSY-0218SD,105,25569,0.0,0.0,513.0,372.5
810,NBSY-0218SD,105,25692,0.0,372.5,474.5,450.0
811,NBSY-0218SD,105,25475,0.0,822.5,441.0,389.0
812,NBSY-0218SD,105,25719,513.0,0.0,512.0,407.0
813,NBSY-0218SD,105,25566,513.0,407.0,494.0,475.0
814,NBSY-0218SD,105,25603,513.0,882.0,348.0,330.0
815,NBSY-0218SD,105,25207,1025.0,0.0,489.0,363.0
816,NBSY-0218SD,105,25480,1025.0,363.0,478.5,473.5
817,NBSY-0218SD,105,25749,1025.0,836.5,418.0,381.0
818,NBSY-0218SD,105,25750,1443.0,836.5,58.0,381.0
819,NBSY-0218SD,105,25216,1514.0,0.0,458.0,380.5
820,NBSY-0218SD,105,25306,1514.0,380.5,454.0,413.0
821,NBSY-0218SD,105,25794,1514.0,793.5,456.0,379.0
822,NBSY-0218SD,105,25179,1514.0,1172.5,449.0,38.0
